35
20
m 0 19
0 34 0
1 0 0
2 34 19
w 0 9
w 0 10
w 1 1
w 1 2
w 1 4
w 1 5
w 1 6
w 1 7
w 1 9
w 1 10
w 1 12
w 1 13
w 1 14
w 1 16
w 1 17
w 1 18
w 2 1
w 2 2
w 2 4
w 2 5
w 2 6
w 2 7
w 2 9
w 2 10
w 2 18
w 3 1
w 3 2
w 3 4
w 3 5
w 3 12
w 3 14
w 3 16
w 3 18
w 4 1
w 4 2
w 4 4
w 4 5
w 4 7
w 4 9
w 4 10
w 4 12
w 4 14
w 4 16
w 4 18
w 5 1
w 5 2
w 5 7
w 5 9
w 5 10
w 5 12
w 5 14
w 5 16
w 5 18
w 6 1
w 6 2
w 6 4
w 6 5
w 6 7
w 6 12
w 6 14
w 6 16
w 6 18
w 7 4
w 7 5
w 7 7
w 7 8
w 7 10
w 7 12
w 7 14
w 7 16
w 8 1
w 8 2
w 8 4
w 8 5
w 8 7
w 8 8
w 8 10
w 8 12
w 8 16
w 8 18
w 9 1
w 9 8
w 9 10
w 9 12
w 9 14
w 9 16
w 9 18
w 10 1
w 10 3
w 10 4
w 10 6
w 10 8
w 10 10
w 10 12
w 10 14
w 10 16
w 10 18
w 11 1
w 11 3
w 11 4
w 11 6
w 11 14
w 11 16
w 11 18
w 12 1
w 12 3
w 12 4
w 12 6
w 12 8
w 12 9
w 12 10
w 12 11
w 12 12
w 12 14
w 12 18
w 13 1
w 13 6
w 13 14
w 13 16
w 13 18
w 14 1
w 14 3
w 14 5
w 14 6
w 14 8
w 14 10
w 14 12
w 14 14
w 14 16
w 14 18
w 15 1
w 15 3
w 15 5
w 15 6
w 15 8
w 15 10
w 15 12
w 15 14
w 15 16
w 15 18
w 16 3
w 16 5
w 16 6
w 16 8
w 16 10
w 16 12
w 17 0
w 17 1
w 17 2
w 17 3
w 17 8
w 17 12
w 17 13
w 17 15
w 17 16
w 17 18
w 17 19
w 18 3
w 18 5
w 18 6
w 18 8
w 18 10
w 18 12
w 19 1
w 19 3
w 19 5
w 19 6
w 19 8
w 19 10
w 19 12
w 19 14
w 19 16
w 19 18
w 20 1
w 20 3
w 20 5
w 20 6
w 20 8
w 20 10
w 20 12
w 20 14
w 20 16
w 20 18
w 21 1
w 21 6
w 21 14
w 21 16
w 21 18
w 22 1
w 22 3
w 22 4
w 22 6
w 22 8
w 22 9
w 22 10
w 22 11
w 22 12
w 22 14
w 22 18
w 23 1
w 23 3
w 23 4
w 23 6
w 23 14
w 23 16
w 23 18
w 24 1
w 24 3
w 24 4
w 24 6
w 24 8
w 24 10
w 24 12
w 24 14
w 24 16
w 24 18
w 25 1
w 25 8
w 25 10
w 25 12
w 25 14
w 25 16
w 25 18
w 26 1
w 26 2
w 26 4
w 26 5
w 26 7
w 26 8
w 26 10
w 26 12
w 26 16
w 26 18
w 27 4
w 27 5
w 27 7
w 27 8
w 27 10
w 27 12
w 27 14
w 27 16
w 28 1
w 28 2
w 28 4
w 28 5
w 28 7
w 28 12
w 28 14
w 28 16
w 28 18
w 29 1
w 29 2
w 29 7
w 29 9
w 29 10
w 29 12
w 29 14
w 29 16
w 29 18
w 30 1
w 30 2
w 30 4
w 30 5
w 30 7
w 30 9
w 30 10
w 30 12
w 30 14
w 30 16
w 30 18
w 31 1
w 31 2
w 31 4
w 31 5
w 31 12
w 31 14
w 31 16
w 31 18
w 32 1
w 32 2
w 32 4
w 32 5
w 32 6
w 32 7
w 32 9
w 32 10
w 32 18
w 33 1
w 33 2
w 33 4
w 33 5
w 33 6
w 33 7
w 33 9
w 33 10
w 33 12
w 33 13
w 33 14
w 33 16
w 33 17
w 33 18
w 34 9
w 34 10
p 7 17
p 22 17
p 30 0
p 14 13
p 5 19
p 13 8
p 29 4
p 13 17
p 21 0
p 21 9
p 27 6
p 3 6
p 19 2
p 3 15
p 19 11
p 11 7
p 1 8
p 34 5
p 34 14
p 17 7
p 9 3
p 0 0
p 15 0
p 32 16
p 33 15
p 15 9
p 6 6
p 25 11
p 16 17
p 32 19
p 31 8
p 22 5
p 31 17
p 23 13
p 30 6
p 14 19
p 13 5
p 29 13
p 3 3
p 20 19
p 12 15
p 28 11
p 4 11
p 27 15
p 10 17
p 18 0
p 26 13
p 2 13
p 18 9
p 18 18
p 34 2
p 34 11
p 17 4
p 9 0
p 9 9
p 33 3
p 24 0
p 32 13
p 8 13
p 24 9
p 7 2
p 0 18
p 25 17
p 16 14
p 7 11
p 22 2
p 6 15
p 23 10
p 14 7
p 5 4
p 23 19
p 5 13
p 13 2
p 30 15
p 13 11
p 20 7
p 3 0
p 29 19
p 21 15
p 3 9
p 4 8
p 27 3
p 4 17
p 10 5
p 19 17
p 1 11
p 11 13
p 2 19
p 33 0
p 0 6
p 25 5
p 8 19
p 16 2
p 0 15
p 6 3
p 15 15
p 31 11
p 23 7
p 14 4
p 30 3
p 20 4
p 21 3
p 12 0
p 20 13
p 21 12
p 27 0
p 27 9
p 28 8
p 10 2
p 27 18
p 28 17
p 10 11
p 11 10
p 11 19
p 2 16
p 26 19
p 18 15
p 34 8
p 34 17
p 17 10
p 9 6
p 0 3
p 25 2
p 9 15
p 0 12
p 6 0
p 24 15
p 6 9
p 16 11
t 1750 0
m 1 19
0 34 1
1 0 1
2 34 18
t 1749 0.0
m 2 19
0 34 2
1 0 0
2 34 19
t 1748 0.7751937984496124
m 3 19
0 34 3
1 1 0
2 34 18
t 1747 0.7751937984496124
m 4 19
0 34 2
1 0 0
2 34 19
t 1746 0.7751937984496124
m 5 19
0 34 3
1 1 0
2 33 19
t 1745 1.550387596899225
m 6 19
0 34 2
1 2 0
2 32 19
t 1744 1.550387596899225
m 7 19
0 34 1
1 3 0
2 31 19
t 1743 1.550387596899225
m 7 19
0 34 2
1 2 0
2 32 19
t 1742 1.550387596899225
m 7 19
0 34 3
1 3 0
2 33 19
t 1741 1.550387596899225
m 8 19
0 34 4
1 4 0
2 34 19
t 1740 2.3255813953488373
m 9 19
0 34 3
1 5 0
2 34 18
t 1739 2.3255813953488373
m 10 19
0 34 4
1 6 0
2 34 17
t 1738 2.3255813953488373
m 11 19
0 34 3
1 5 0
2 34 18
t 1737 3.10077519379845
m 11 19
0 34 4
1 6 0
2 34 19
t 1736 3.10077519379845
m 11 19
0 34 3
1 7 0
2 33 19
t 1735 3.10077519379845
m 11 19
0 33 3
1 7 1
2 34 19
t 1734 3.10077519379845
m 11 19
0 34 3
1 7 0
2 33 19
t 1733 3.10077519379845
m 11 19
0 33 3
1 7 1
2 34 19
t 1732 3.10077519379845
m 11 19
0 34 3
1 7 0
2 33 19
t 1731 3.10077519379845
m 11 19
0 34 4
1 6 0
2 32 19
t 1730 3.10077519379845
m 10 19
0 34 3
1 7 0
2 33 19
t 1729 3.10077519379845
m 10 19
0 34 4
1 6 0
2 34 19
t 1728 3.10077519379845
m 10 19
0 34 5
1 7 0
2 34 18
t 1727 3.10077519379845
m 11 19
0 34 4
1 7 1
2 34 17
t 1726 3.10077519379845
m 12 19
0 34 3
1 7 2
2 34 16
t 1725 3.10077519379845
m 13 19
0 33 3
1 7 1
2 34 15
t 1724 3.10077519379845
m 13 19
0 34 3
1 7 0
2 34 16
t 1723 3.10077519379845
m 13 19
0 33 3
1 6 0
2 34 17
t 1722 3.10077519379845
m 12 19
0 32 3
1 5 0
2 34 18
t 1721 3.10077519379845
m 11 19
0 33 3
1 4 0
2 34 17
t 1720 3.10077519379845
m 11 19
0 34 3
1 5 0
2 34 18
t 1719 3.10077519379845
m 11 19
0 34 4
1 4 0
2 34 19
t 1718 3.10077519379845
m 10 19
0 34 3
1 5 0
2 33 19
t 1717 3.10077519379845
m 10 19
0 34 4
1 6 0
2 34 19
t 1716 3.10077519379845
m 10 19
0 34 5
1 7 0
2 33 19
t 1715 3.10077519379845
m 10 19
0 34 4
1 8 0
2 32 19
t 1714 3.10077519379845
m 10 19
0 34 5
1 9 0
2 33 19
t 1713 3.10077519379845
m 11 19
0 34 4
1 8 0
2 34 19
t 1712 3.10077519379845
m 11 19
0 34 5
1 9 0
2 33 19
t 1711 3.10077519379845
m 11 19
0 34 4
1 10 0
2 32 19
t 1710 3.10077519379845
m 11 19
0 34 3
1 11 0
2 31 19
t 1709 3.10077519379845
m 10 19
0 34 4
1 10 0
2 32 19
t 1708 3.10077519379845
m 11 19
0 34 3
1 11 0
2 33 19
t 1707 3.10077519379845
m 12 19
0 33 3
1 10 0
2 34 19
t 1706 3.10077519379845
m 12 19
0 32 3
1 9 0
2 33 19
t 1705 3.10077519379845
m 12 19
0 31 3
1 10 0
2 32 19
t 1704 3.10077519379845
m 12 19
0 30 3
1 9 0
2 33 19
t 1703 3.10077519379845
m 12 19
0 29 3
1 10 0
2 34 19
t 1702 3.10077519379845
m 12 19
0 30 3
1 11 0
2 33 19
t 1701 3.10077519379845
m 12 19
0 29 3
1 12 0
2 34 19
t 1700 3.10077519379845
m 13 19
0 29 4
1 13 0
2 33 19
t 1699 3.10077519379845
m 12 19
0 29 5
1 14 0
2 34 19
t 1698 3.10077519379845
m 11 19
0 29 6
1 15 0
2 33 19
t 1697 3.10077519379845
m 10 19
0 30 6
1 14 0
2 32 19
t 1696 3.10077519379845
m 9 19
0 29 6
1 15 0
2 31 19
t 1695 3.10077519379845
m 8 19
0 28 6
1 16 0
2 32 19
t 1694 3.10077519379845
m 7 19
0 27 6
1 15 0
2 31 19
t 1693 3.10077519379845
m 7 18
0 26 6
1 14 0
2 30 19
t 1692 3.10077519379845
m 7 18
0 27 6
1 15 0
2 29 19
t 1691 3.10077519379845
m 7 17
0 28 6
1 14 0
2 28 19
t 1690 3.875968992248062
m 6 17
0 29 6
1 13 0
2 27 19
t 1689 3.875968992248062
m 5 17
0 28 6
1 14 0
2 26 19
t 1688 3.875968992248062
m 4 17
0 29 6
1 13 0
2 27 19
t 1687 4.651162790697675
m 3 17
0 29 5
1 14 0
2 28 19
t 1686 4.651162790697675
m 2 17
0 29 6
1 15 0
2 29 19
t 1685 4.651162790697675
m 2 17
0 30 6
1 14 0
2 30 19
t 1684 4.651162790697675
m 2 17
0 29 6
1 15 0
2 29 19
t 1683 4.651162790697675
m 2 17
0 28 6
1 16 0
2 30 19
t 1682 4.651162790697675
m 2 17
0 27 6
1 16 1
2 31 19
t 1681 4.651162790697675
m 2 17
0 26 6
1 16 2
2 32 19
t 1680 4.651162790697675
m 2 17
0 27 6
1 15 2
2 33 19
t 1679 4.651162790697675
m 2 17
0 28 6
1 14 2
2 34 19
t 1678 4.651162790697675
m 2 17
0 27 6
1 13 2
2 34 18
t 1677 4.651162790697675
m 2 17
0 26 6
1 14 2
2 34 17
f 34 19
t 1676 4.651162790697675
m 2 17
0 25 6
1 13 2
2 34 16
t 1675 4.651162790697675
m 2 17
0 25 5
1 13 3
2 34 17
t 1674 4.651162790697675
m 2 17
0 25 6
1 13 2
2 34 18
t 1673 4.651162790697675
m 2 17
0 25 5
1 14 2
2 34 17
t 1672 4.651162790697675
m 2 17
0 25 6
1 13 2
2 34 16
t 1671 4.651162790697675
m 2 17
0 25 5
1 14 2
2 34 15
t 1670 4.651162790697675
m 2 17
0 25 6
1 13 2
2 34 14
t 1669 4.651162790697675
m 2 17
0 25 7
1 13 3
2 34 13
t 1668 4.651162790697675
m 2 17
0 24 7
1 13 2
2 34 12
t 1667 4.651162790697675
m 2 17
0 23 7
1 13 3
2 34 11
t 1666 4.651162790697675
m 2 17
0 24 7
1 13 2
2 34 12
t 1665 4.651162790697675
m 2 17
0 25 7
1 13 3
2 34 11
t 1664 4.651162790697675
m 2 17
0 25 6
1 13 2
2 34 12
t 1663 4.651162790697675
m 2 17
0 25 7
1 14 2
2 34 13
t 1662 4.651162790697675
m 2 17
0 25 6
1 13 2
2 34 14
t 1661 4.651162790697675
m 2 17
0 25 7
1 12 2
2 34 15
t 1660 4.651162790697675
m 2 17
0 25 6
1 11 2
2 34 16
t 1659 4.651162790697675
m 2 17
0 25 7
1 10 2
2 34 17
t 1658 4.651162790697675
m 2 17
0 24 7
1 11 2
2 34 18
t 1657 4.651162790697675
m 2 17
0 23 7
1 10 2
2 34 17
t 1656 4.651162790697675
m 2 17
0 24 7
1 11 2
2 34 18
t 1655 4.651162790697675
m 2 17
0 23 7
1 10 2
2 34 17
t 1654 4.651162790697675
m 2 17
0 24 7
1 11 2
2 34 16
t 1653 4.651162790697675
m 2 17
0 25 7
1 12 2
2 34 15
t 1652 4.651162790697675
m 2 17
0 24 7
1 13 2
2 34 16
t 1651 4.651162790697675
m 2 17
0 25 7
1 14 2
2 34 17
t 1650 4.651162790697675
m 2 17
0 25 6
1 13 2
2 34 18
t 1649 4.651162790697675
m 2 17
0 25 7
1 13 3
2 34 17
t 1648 4.651162790697675
m 2 17
0 25 6
1 13 4
2 34 18
t 1647 4.651162790697675
m 2 17
0 25 7
1 14 4
2 34 19
t 1646 4.651162790697675
m 2 17
0 25 6
1 13 4
2 33 19
t 1645 4.651162790697675
m 2 17
0 25 7
1 14 4
2 32 19
t 1644 4.651162790697675
m 2 17
0 24 7
1 13 4
2 33 19
t 1643 4.651162790697675
m 2 17
0 23 7
1 14 4
2 34 19
t 1642 4.651162790697675
m 2 17
0 24 7
1 15 4
2 33 19
t 1641 4.651162790697675
m 2 17
0 25 7
1 14 4
2 32 19
t 1640 4.651162790697675
m 2 17
0 24 7
1 13 4
2 31 19
t 1639 4.651162790697675
m 2 17
0 25 7
1 14 4
2 30 19
t 1638 4.651162790697675
m 2 17
0 25 6
1 15 4
2 31 19
t 1637 4.651162790697675
m 2 17
0 25 5
1 16 4
2 30 19
t 1636 4.651162790697675
m 2 17
0 24 5
1 17 4
2 31 19
t 1635 4.651162790697675
m 2 17
0 23 5
1 16 4
2 32 19
t 1634 4.651162790697675
m 2 17
0 22 5
1 17 4
2 33 19
t 1633 4.651162790697675
m 2 17
0 21 5
1 18 4
2 32 19
t 1632 4.651162790697675
m 2 17
0 21 4
1 17 4
2 31 19
t 1631 4.651162790697675
m 2 17
0 21 3
1 18 4
2 32 19
t 1630 4.651162790697675
m 2 17
0 21 2
1 17 4
2 31 19
t 1629 4.651162790697675
m 2 17
0 22 2
1 17 5
2 30 19
t 1628 4.651162790697675
m 2 17
0 21 2
1 17 6
2 29 19
t 1627 4.651162790697675
m 2 17
0 21 3
1 17 5
2 28 19
t 1626 4.651162790697675
m 2 17
0 21 2
1 17 6
2 29 19
t 1625 4.651162790697675
m 2 17
0 22 2
1 17 5
2 28 19
t 1624 4.651162790697675
m 2 17
0 23 2
1 17 6
2 27 19
t 1623 4.651162790697675
m 2 17
0 22 2
1 17 7
2 26 19
t 1622 4.651162790697675
m 2 17
0 21 2
1 16 7
2 27 19
t 1621 4.651162790697675
m 2 17
0 20 2
1 15 7
2 28 19
t 1620 4.651162790697675
m 2 17
0 19 2
1 16 7
2 27 19
t 1619 4.651162790697675
m 2 17
0 18 2
1 15 7
2 27 18
t 1618 4.651162790697675
m 2 17
0 19 2
1 16 7
2 27 19
t 1617 4.651162790697675
m 2 17
0 18 2
1 17 7
2 27 18
t 1616 4.651162790697675
m 2 17
0 18 1
1 16 7
2 27 17
t 1615 4.651162790697675
m 2 17
0 18 0
1 17 7
2 28 17
t 1614 4.651162790697675
m 2 17
0 18 1
1 18 7
2 27 17
t 1613 4.651162790697675
m 2 17
0 18 2
1 17 7
2 28 17
t 1612 4.651162790697675
m 2 17
0 19 2
1 18 7
2 29 17
t 1611 4.651162790697675
m 2 17
0 20 2
1 19 7
2 30 17
t 1610 4.651162790697675
m 2 17
0 19 2
1 18 7
2 31 17
t 1609 4.651162790697675
m 2 17
0 20 2
1 19 7
2 30 17
t 1608 4.651162790697675
m 2 17
0 21 2
1 20 7
2 31 17
t 1607 4.651162790697675
m 2 17
0 20 2
1 19 7
2 32 17
t 1606 4.651162790697675
m 2 17
0 19 2
1 20 7
2 31 17
t 1605 4.651162790697675
m 2 17
0 18 2
1 19 7
2 32 17
t 1604 4.651162790697675
m 2 17
0 18 1
1 20 7
2 32 16
t 1603 4.651162790697675
m 2 17
0 18 0
1 21 7
2 32 17
t 1602 4.651162790697675
m 2 17
0 19 0
1 20 7
2 31 17
t 1601 4.651162790697675
m 2 17
0 20 0
1 21 7
2 30 17
t 1600 4.651162790697675
m 2 17
0 21 0
1 21 8
2 31 17
t 1599 4.651162790697675
m 2 17
0 22 0
1 21 7
2 30 17
t 1598 4.651162790697675
m 2 17
0 21 0
1 22 7
2 29 17
t 1597 4.651162790697675
m 2 16
0 22 0
1 21 7
2 30 17
t 1596 5.426356589147287
m 2 16
0 21 0
1 22 7
2 31 17
t 1595 5.426356589147287
m 2 16
0 22 0
1 21 7
2 30 17
t 1594 5.426356589147287
m 2 16
0 21 0
1 21 8
2 29 17
t 1593 5.426356589147287
m 2 16
0 22 0
1 21 9
2 30 17
t 1592 5.426356589147287
m 2 17
0 21 0
1 21 10
2 29 17
t 1591 5.426356589147287
m 2 17
0 20 0
1 21 11
2 28 17
t 1590 5.426356589147287
m 2 17
0 21 0
1 21 10
2 27 17
t 1589 5.426356589147287
m 2 17
0 20 0
1 21 11
2 28 17
t 1588 5.426356589147287
m 2 17
0 19 0
1 21 10
2 29 17
t 1587 5.426356589147287
m 2 17
0 20 0
1 21 11
2 30 17
t 1586 5.426356589147287
m 2 17
0 19 0
1 21 12
2 31 17
t 1585 5.426356589147287
m 2 17
0 18 0
1 21 13
2 32 17
t 1584 5.426356589147287
m 2 17
0 19 0
1 21 12
2 31 17
t 1583 5.426356589147287
m 2 17
0 18 0
1 21 13
2 30 17
t 1582 5.426356589147287
m 2 17
0 18 1
1 20 13
2 31 17
t 1581 5.426356589147287
m 2 17
0 18 2
1 19 13
2 32 17
t 1580 5.426356589147287
m 2 17
0 18 1
1 18 13
2 31 17
t 1579 5.426356589147287
m 2 17
0 18 0
1 18 14
2 32 17
t 1578 5.426356589147287
m 2 17
0 18 1
1 18 15
2 31 17
t 1577 5.426356589147287
m 2 17
0 18 2
1 18 16
2 30 17
t 1576 5.426356589147287
m 2 17
0 18 1
1 18 15
2 31 17
t 1575 5.426356589147287
m 2 17
0 18 2
1 19 15
2 32 17
t 1574 5.426356589147287
m 2 17
0 18 1
1 20 15
2 32 16
t 1573 5.426356589147287
m 2 17
0 18 2
1 19 15
2 32 15
t 1572 5.426356589147287
m 2 17
0 18 1
1 18 15
2 33 15
t 1571 5.426356589147287
m 2 17
0 18 2
1 18 16
2 32 15
t 1570 5.426356589147287
m 2 17
0 18 1
1 18 15
2 32 16
t 1569 5.426356589147287
m 2 17
0 18 0
1 18 16
2 32 15
t 1568 5.426356589147287
m 2 17
0 18 1
1 18 17
2 31 15
t 1567 5.426356589147287
m 2 16
0 18 2
1 18 18
2 32 15
t 1566 5.426356589147287
m 2 15
0 19 2
1 18 19
2 32 14
t 1565 5.426356589147287
m 2 14
0 20 2
1 18 18
2 32 13
t 1564 5.426356589147287
m 2 13
0 19 2
1 18 19
2 32 14
t 1563 6.2015503875969
m 2 12
0 20 2
1 18 18
2 32 15
t 1562 6.2015503875969
m 2 11
0 19 2
1 18 17
2 32 14
t 1561 6.2015503875969
m 1 11
0 20 2
1 17 17
2 32 15
t 1560 6.976744186046512
m 0 11
0 19 2
1 18 17
2 32 14
t 1559 6.976744186046512
m 0 11
0 18 2
1 17 17
2 32 13
t 1558 6.976744186046512
m 0 11
0 19 2
1 16 17
2 32 14
t 1557 6.976744186046512
m 0 11
0 18 2
1 15 17
2 32 15
t 1556 6.976744186046512
m 0 11
0 18 1
1 16 17
2 32 16
t 1555 6.976744186046512
m 0 11
0 18 2
1 17 17
2 32 15
t 1554 6.976744186046512
m 0 11
0 19 2
1 16 17
2 32 14
t 1553 6.976744186046512
m 0 11
0 20 2
1 17 17
2 32 15
t 1552 6.976744186046512
m 0 11
0 19 2
1 18 17
2 32 16
t 1551 6.976744186046512
m 0 11
0 20 2
1 18 18
2 32 17
t 1550 6.976744186046512
m 0 11
0 19 2
1 18 17
2 32 16
t 1549 6.976744186046512
m 0 11
0 18 2
1 17 17
2 32 17
t 1548 6.976744186046512
m 0 11
0 18 1
1 16 17
2 32 16
t 1547 6.976744186046512
m 0 11
0 18 0
1 17 17
2 32 17
t 1546 6.976744186046512
m 0 11
0 19 0
1 18 17
2 31 17
t 1545 6.976744186046512
m 0 11
0 20 0
1 19 17
2 30 17
t 1544 6.976744186046512
m 0 11
0 21 0
1 18 17
2 31 17
t 1543 6.976744186046512
m 0 11
0 22 0
1 19 17
2 32 17
t 1542 6.976744186046512
m 0 11
0 21 0
1 20 17
2 31 17
t 1541 6.976744186046512
m 0 11
0 22 0
1 19 17
2 32 17
t 1540 6.976744186046512
m 0 11
0 23 0
1 18 17
2 31 17
t 1539 6.976744186046512
m 0 11
0 24 0
1 18 18
2 32 17
t 1538 6.976744186046512
m 0 11
0 25 0
1 18 19
2 32 16
t 1537 6.976744186046512
m 0 11
0 24 0
1 18 18
2 32 15
t 1536 6.976744186046512
m 0 11
0 23 0
1 18 19
2 31 15
t 1535 6.976744186046512
m 0 11
0 22 0
1 19 19
2 32 15
t 1534 6.976744186046512
m 0 11
0 23 0
1 20 19
2 32 16
t 1533 6.976744186046512
m 0 11
0 22 0
1 19 19
2 32 17
t 1532 6.976744186046512
m 0 11
0 21 0
1 20 19
2 31 17
t 1531 6.976744186046512
m 0 11
0 20 0
1 19 19
2 30 17
t 1530 6.976744186046512
m 0 11
0 21 0
1 20 19
2 31 17
t 1529 6.976744186046512
m 0 11
0 22 0
1 21 19
2 32 17
t 1528 6.976744186046512
m 0 11
0 23 0
1 20 19
2 32 16
t 1527 6.976744186046512
m 0 11
0 22 0
1 19 19
2 32 17
t 1526 6.976744186046512
m 0 11
0 23 0
1 20 19
2 32 16
t 1525 6.976744186046512
m 0 11
0 24 0
1 21 19
2 32 17
t 1524 6.976744186046512
m 0 11
0 25 0
1 20 19
2 31 17
t 1523 6.976744186046512
m 0 11
0 24 0
1 21 19
2 32 17
t 1522 6.976744186046512
m 0 11
0 23 0
1 22 19
2 31 17
t 1521 6.976744186046512
m 0 11
0 22 0
1 21 19
2 30 17
t 1520 6.976744186046512
m 0 11
0 23 0
1 20 19
2 29 17
t 1519 6.976744186046512
m 0 11
0 22 0
1 19 19
2 30 17
t 1518 6.976744186046512
m 0 11
0 23 0
1 18 19
2 29 17
t 1517 6.976744186046512
m 0 11
0 22 0
1 18 18
2 30 17
t 1516 6.976744186046512
m 0 11
0 23 0
1 18 19
2 29 17
t 1515 6.976744186046512
m 0 11
0 22 0
1 19 19
2 30 17
t 1514 6.976744186046512
m 0 11
0 21 0
1 20 19
2 31 17
t 1513 6.976744186046512
m 0 11
0 22 0
1 19 19
2 30 17
t 1512 6.976744186046512
m 0 11
0 23 0
1 18 19
2 29 17
t 1511 6.976744186046512
m 0 11
0 24 0
1 18 18
2 28 17
t 1510 6.976744186046512
m 0 11
0 25 0
1 18 19
2 27 17
t 1509 6.976744186046512
m 0 11
0 26 0
1 18 18
2 26 17
t 1508 6.976744186046512
m 0 11
0 25 0
1 18 19
2 27 17
t 1507 6.976744186046512
m 0 11
0 24 0
1 19 19
2 28 17
t 1506 6.976744186046512
m 0 11
0 25 0
1 18 19
2 29 17
t 1505 6.976744186046512
m 0 11
0 26 0
1 19 19
2 28 17
t 1504 6.976744186046512
m 0 11
0 27 0
1 18 19
2 29 17
t 1503 6.976744186046512
m 0 11
0 26 0
1 19 19
2 28 17
t 1502 6.976744186046512
m 0 11
0 25 0
1 20 19
2 27 17
t 1501 6.976744186046512
m 0 11
0 26 0
1 19 19
2 27 18
t 1500 6.976744186046512
m 0 11
0 27 0
1 18 19
2 27 17
t 1499 6.976744186046512
m 0 11
0 27 1
1 18 18
2 26 17
t 1498 6.976744186046512
m 0 11
0 27 0
1 18 19
2 25 17
t 1497 6.976744186046512
m 0 11
0 26 0
1 19 19
2 24 17
t 1496 6.976744186046512
m 0 11
0 27 0
1 18 19
2 23 17
t 1495 6.976744186046512
m 0 11
0 27 1
1 18 18
2 22 17
t 1494 6.976744186046512
m 0 11
0 27 2
1 18 17
2 22 16
t 1493 6.976744186046512
m 0 11
0 27 3
1 17 17
2 22 17
t 1492 6.976744186046512
m 0 11
0 26 3
1 16 17
2 21 17
t 1491 6.976744186046512
m 0 11
0 25 3
1 16 16
2 20 17
t 1490 6.976744186046512
m 0 11
0 26 3
1 16 15
2 21 17
t 1489 6.976744186046512
m 0 11
0 25 3
1 16 14
2 20 17
t 1488 6.976744186046512
m 0 11
0 25 4
1 17 14
2 21 17
t 1487 6.976744186046512
m 0 11
0 25 5
1 16 14
2 22 17
t 1486 6.976744186046512
m 0 11
0 25 6
1 16 13
2 21 17
t 1485 6.976744186046512
m 0 11
0 26 6
1 16 14
2 22 17
t 1484 6.976744186046512
m 0 11
0 27 6
1 16 13
2 21 17
t 1483 6.976744186046512
m 0 11
0 26 6
1 16 14
2 22 17
t 1482 6.976744186046512
m 0 11
0 27 6
1 16 15
2 22 16
t 1481 6.976744186046512
m 0 11
0 28 6
1 16 16
2 22 17
t 1480 6.976744186046512
m 0 11
0 29 6
1 16 15
2 23 17
t 1479 6.976744186046512
m 0 11
0 30 6
1 16 14
2 22 17
t 1478 6.976744186046512
m 0 11
0 31 6
1 17 14
2 23 17
t 1477 6.976744186046512
m 0 11
0 30 6
1 16 14
2 22 17
t 1476 6.976744186046512
m 0 11
0 29 6
1 16 15
2 23 17
t 1475 6.976744186046512
m 0 11
0 28 6
1 15 15
2 24 17
t 1474 6.976744186046512
m 0 11
0 27 6
1 14 15
2 25 17
t 1473 6.976744186046512
m 0 11
0 28 6
1 13 15
2 24 17
t 1472 6.976744186046512
m 0 11
0 29 6
1 14 15
2 23 17
t 1471 6.976744186046512
m 0 11
0 29 5
1 15 15
2 24 17
t 1470 6.976744186046512
m 0 11
0 29 6
1 14 15
2 25 17
t 1469 6.976744186046512
m 0 11
0 29 5
1 15 15
2 26 17
t 1468 6.976744186046512
m 0 11
0 29 4
1 16 15
2 27 17
t 1467 6.976744186046512
m 0 11
0 29 5
1 15 15
2 26 17
t 1466 6.976744186046512
m 0 11
0 29 4
1 14 15
2 27 17
t 1465 6.976744186046512
m 0 11
0 29 3
1 13 15
2 28 17
t 1464 6.976744186046512
m 0 11
0 28 3
1 12 15
2 29 17
t 1463 6.976744186046512
m 0 11
0 27 3
1 11 15
2 28 17
t 1462 6.976744186046512
m 0 11
0 26 3
1 12 15
2 29 17
t 1461 6.976744186046512
m 0 11
0 25 3
1 13 15
2 28 17
t 1460 6.976744186046512
m 0 11
0 25 4
1 14 15
2 27 17
t 1459 6.976744186046512
m 0 11
0 25 5
1 15 15
2 26 17
t 1458 6.976744186046512
m 0 11
0 24 5
1 16 15
2 25 17
t 1457 6.976744186046512
m 0 11
0 25 5
1 16 16
2 26 17
t 1456 6.976744186046512
m 0 11
0 25 6
1 16 17
2 27 17
t 1455 6.976744186046512
m 0 11
0 25 5
1 16 16
2 26 17
t 1454 6.976744186046512
m 0 11
0 24 5
1 16 15
2 27 17
t 1453 6.976744186046512
m 0 11
0 25 5
1 16 14
2 27 18
t 1452 6.976744186046512
m 0 11
0 25 6
1 16 15
2 27 19
t 1451 6.976744186046512
m 0 11
0 25 5
1 16 16
2 27 18
t 1450 6.976744186046512
m 0 11
0 25 6
1 16 17
2 27 19
t 1449 6.976744186046512
m 0 11
0 25 5
1 16 16
2 28 19
t 1448 6.976744186046512
m 0 11
0 24 5
1 16 17
2 29 19
t 1447 6.976744186046512
m 0 11
0 23 5
1 15 17
2 28 19
t 1446 6.976744186046512
m 0 11
0 24 5
1 14 17
2 29 19
t 1445 6.976744186046512
m 0 11
0 23 5
1 13 17
2 28 19
t 1444 6.976744186046512
m 0 11
0 24 5
1 14 17
2 29 19
t 1443 6.976744186046512
m 0 11
0 23 5
1 15 17
2 28 19
t 1442 6.976744186046512
m 0 11
0 24 5
1 16 17
2 27 19
t 1441 6.976744186046512
m 0 11
0 23 5
1 16 18
2 27 18
t 1440 6.976744186046512
m 0 11
0 22 5
1 16 17
2 27 17
t 1439 6.976744186046512
m 0 11
0 21 5
1 16 18
2 27 18
t 1438 6.976744186046512
m 0 11
0 22 5
1 16 17
2 27 17
t 1437 6.976744186046512
m 0 11
0 21 5
1 16 18
2 28 17
t 1436 6.976744186046512
m 0 11
0 21 4
1 16 19
2 27 17
t 1435 6.976744186046512
m 0 11
0 20 4
1 16 18
2 28 17
t 1434 6.976744186046512
m 0 11
0 21 4
1 16 17
2 27 17
t 1433 6.976744186046512
m 0 11
0 21 5
1 17 17
2 26 17
t 1432 6.976744186046512
m 0 11
0 21 4
1 16 17
2 27 17
t 1431 6.976744186046512
m 0 11
0 21 3
1 15 17
2 26 17
t 1430 6.976744186046512
m 0 11
0 21 2
1 16 17
2 25 17
t 1429 6.976744186046512
m 0 11
0 20 2
1 16 18
2 24 17
t 1428 6.976744186046512
m 0 11
0 21 2
1 16 17
2 25 17
t 1427 6.976744186046512
m 0 11
0 22 2
1 16 18
2 26 17
t 1426 6.976744186046512
m 0 11
0 23 2
1 16 17
2 27 17
t 1425 6.976744186046512
m 0 11
0 24 2
1 16 18
2 26 17
t 1424 6.976744186046512
m 0 11
0 23 2
1 16 17
2 27 17
t 1423 6.976744186046512
m 0 11
0 22 2
1 16 16
2 26 17
t 1422 6.976744186046512
m 0 11
0 21 2
1 16 15
2 27 17
t 1421 6.976744186046512
m 0 11
0 20 2
1 15 15
2 26 17
t 1420 6.976744186046512
m 0 11
0 19 2
1 16 15
2 25 17
t 1419 6.976744186046512
m 0 11
0 20 2
1 16 14
2 24 17
t 1418 6.976744186046512
m 0 11
0 19 2
1 16 15
2 25 17
t 1417 6.976744186046512
m 0 11
0 18 2
1 16 16
2 26 17
t 1416 6.976744186046512
m 0 11
0 18 1
1 16 17
2 27 17
t 1415 6.976744186046512
m 0 11
0 18 0
1 16 18
2 26 17
t 1414 6.976744186046512
m 0 11
0 18 1
1 16 19
2 27 17
t 1413 6.976744186046512
m 0 11
0 18 2
1 15 19
2 26 17
t 1412 6.976744186046512
m 0 11
0 19 2
1 16 19
2 25 17
t 1411 6.976744186046512
m 0 11
0 18 2
1 15 19
2 24 17
t 1410 6.976744186046512
m 0 11
0 18 1
1 16 19
2 23 17
t 1409 6.976744186046512
m 0 11
0 18 2
1 16 18
2 24 17
t 1408 6.976744186046512
m 0 11
0 18 1
1 16 19
2 25 17
t 1407 6.976744186046512
m 0 11
0 18 0
1 16 18
2 24 17
t 1406 6.976744186046512
m 0 11
0 18 1
1 16 17
2 25 17
t 1405 6.976744186046512
m 0 11
0 18 2
1 15 17
2 24 17
t 1404 6.976744186046512
m 0 11
0 19 2
1 16 17
2 25 17
t 1403 6.976744186046512
m 0 11
0 18 2
1 16 18
2 24 17
t 1402 6.976744186046512
m 0 11
0 18 1
1 16 17
2 25 17
t 1401 6.976744186046512
m 0 11
0 18 2
1 15 17
2 24 17
t 1400 6.976744186046512
m 0 11
0 18 1
1 16 17
2 23 17
t 1399 6.976744186046512
m 0 11
0 18 2
1 16 16
2 22 17
t 1398 6.976744186046512
m 0 11
0 18 1
1 16 17
2 22 16
t 1397 6.976744186046512
m 0 11
0 18 0
1 17 17
2 22 17
t 1396 6.976744186046512
m 0 11
0 18 1
1 18 17
2 23 17
t 1395 6.976744186046512
m 0 11
0 18 2
1 19 17
2 24 17
t 1394 6.976744186046512
m 0 11
0 19 2
1 20 17
2 25 17
t 1393 6.976744186046512
m 0 11
0 20 2
1 21 17
2 26 17
t 1392 6.976744186046512
m 0 11
0 19 2
1 22 17
2 27 17
t 1391 6.976744186046512
m 0 11
0 18 2
1 21 17
2 28 17
t 1390 6.976744186046512
m 0 11
0 18 1
1 22 17
2 27 17
t 1389 6.976744186046512
m 0 11
0 18 2
1 21 17
2 28 17
t 1388 6.976744186046512
m 0 11
0 18 1
1 20 17
2 29 17
t 1387 6.976744186046512
m 0 11
0 18 2
1 19 17
2 28 17
t 1386 6.976744186046512
m 0 11
0 19 2
1 18 17
2 27 17
t 1385 6.976744186046512
m 0 11
0 18 2
1 17 17
2 28 17
t 1384 6.976744186046512
m 0 11
0 19 2
1 16 17
2 27 17
t 1383 6.976744186046512
m 0 11
0 20 2
1 17 17
2 28 17
t 1382 6.976744186046512
m 0 11
0 21 2
1 18 17
2 27 17
t 1381 6.976744186046512
m 0 11
0 21 3
1 18 16
2 26 17
t 1380 6.976744186046512
m 0 11
0 21 4
1 18 17
2 25 17
t 1379 6.976744186046512
m 0 11
0 20 4
1 18 16
2 24 17
t 1378 6.976744186046512
m 0 11
0 21 4
1 18 17
2 25 17
t 1377 6.976744186046512
m 0 11
0 21 5
1 18 16
2 24 17
t 1376 6.976744186046512
m 0 11
0 21 4
1 18 17
2 23 17
t 1375 6.976744186046512
m 0 11
0 20 4
1 19 17
2 22 17
t 1374 6.976744186046512
m 0 11
0 21 4
1 20 17
2 22 16
t 1373 6.976744186046512
m 0 11
0 21 3
1 19 17
2 22 17
t 1372 6.976744186046512
m 0 11
0 21 4
1 18 17
2 22 16
t 1371 6.976744186046512
m 0 11
0 20 4
1 18 16
2 22 17
t 1370 6.976744186046512
m 0 11
0 21 4
1 18 15
2 22 16
t 1369 6.976744186046512
m 0 11
0 21 5
1 19 15
2 22 15
t 1368 6.976744186046512
m 0 11
0 21 4
1 20 15
2 21 15
t 1367 6.976744186046512
m 0 11
0 21 3
1 21 15
2 20 15
t 1366 6.976744186046512
m 0 11
0 21 2
1 20 15
2 21 15
t 1365 6.976744186046512
m 0 11
0 22 2
1 19 15
2 20 15
t 1364 6.976744186046512
m 0 11
0 21 2
1 20 15
2 21 15
t 1363 6.976744186046512
m 0 11
0 21 3
1 21 15
2 22 15
t 1362 6.976744186046512
m 0 11
0 21 2
1 22 15
2 23 15
t 1361 6.976744186046512
m 0 11
0 22 2
1 21 15
2 22 15
t 1360 6.976744186046512
m 0 11
0 21 2
1 20 15
2 21 15
t 1359 6.976744186046512
m 0 11
0 22 2
1 19 15
2 20 15
t 1358 6.976744186046512
m 0 11
0 23 2
1 20 15
2 21 15
t 1357 6.976744186046512
m 0 11
0 22 2
1 19 15
2 20 15
t 1356 6.976744186046512
m 0 11
0 23 2
1 18 15
2 19 15
t 1355 6.976744186046512
m 0 11
0 22 2
1 19 15
2 20 15
t 1354 6.976744186046512
m 0 11
0 23 2
1 20 15
2 21 15
t 1353 6.976744186046512
m 0 11
0 22 2
1 21 15
2 22 15
t 1352 6.976744186046512
m 0 11
0 21 2
1 20 15
2 21 15
t 1351 6.976744186046512
m 0 11
0 21 3
1 19 15
2 20 15
t 1350 6.976744186046512
m 0 11
0 21 2
1 18 15
2 19 15
t 1349 6.976744186046512
m 0 11
0 21 3
1 18 16
2 20 15
t 1348 6.976744186046512
m 0 11
0 21 2
1 18 15
2 21 15
t 1347 6.976744186046512
m 0 11
0 20 2
1 19 15
2 22 15
t 1346 6.976744186046512
m 0 11
0 19 2
1 18 15
2 22 16
t 1345 6.976744186046512
m 0 11
0 18 2
1 18 14
2 22 15
t 1344 6.976744186046512
m 0 11
0 18 1
1 18 13
2 21 15
t 1343 6.976744186046512
m 0 11
0 18 2
1 19 13
2 20 15
t 1342 6.976744186046512
m 0 11
0 19 2
1 18 13
2 21 15
t 1341 6.976744186046512
m 0 11
0 18 2
1 19 13
2 20 15
t 1340 6.976744186046512
m 0 11
0 18 1
1 20 13
2 19 15
t 1339 6.976744186046512
m 0 11
0 18 2
1 21 13
2 18 15
t 1338 6.976744186046512
m 0 11
0 19 2
1 21 12
2 18 16
t 1337 6.976744186046512
m 0 11
0 18 2
1 21 11
2 18 15
t 1336 6.976744186046512
m 0 11
0 18 1
1 21 10
2 18 14
t 1335 6.976744186046512
m 0 11
0 18 0
1 21 9
2 17 14
t 1334 6.976744186046512
m 0 11
0 19 0
1 21 10
2 16 14
t 1333 6.976744186046512
m 0 11
0 20 0
1 21 11
2 17 14
t 1332 6.976744186046512
m 0 11
0 19 0
1 21 10
2 16 14
t 1331 6.976744186046512
m 0 11
0 20 0
1 21 11
2 16 13
t 1330 6.976744186046512
m 0 11
0 19 0
1 20 11
2 16 14
t 1329 6.976744186046512
m 0 11
0 20 0
1 19 11
2 16 15
t 1328 6.976744186046512
m 0 11
0 21 0
1 20 11
2 15 15
t 1327 6.976744186046512
m 0 11
0 20 0
1 21 11
2 16 15
t 1326 6.976744186046512
m 0 11
0 21 0
1 20 11
2 16 14
t 1325 6.976744186046512
m 0 11
0 20 0
1 21 11
2 16 15
t 1324 6.976744186046512
m 0 11
0 19 0
1 21 12
2 15 15
t 1323 6.976744186046512
m 0 11
0 18 0
1 21 11
2 14 15
t 1322 6.976744186046512
m 0 11
0 18 1
1 21 12
2 15 15
t 1321 6.976744186046512
m 0 11
0 18 0
1 21 13
2 16 15
t 1320 6.976744186046512
m 0 11
0 19 0
1 20 13
2 16 16
t 1319 6.976744186046512
m 0 11
0 18 0
1 21 13
2 16 15
t 1318 6.976744186046512
m 0 11
0 18 1
1 20 13
2 16 14
t 1317 6.976744186046512
m 0 11
0 18 2
1 21 13
2 17 14
t 1316 6.976744186046512
m 0 11
0 19 2
1 22 13
2 16 14
t 1315 6.976744186046512
m 0 11
0 18 2
1 21 13
2 16 13
t 1314 6.976744186046512
m 0 11
0 19 2
1 20 13
2 16 14
t 1313 6.976744186046512
m 0 11
0 18 2
1 21 13
2 17 14
t 1312 6.976744186046512
m 0 11
0 18 1
1 20 13
2 18 14
t 1311 6.976744186046512
m 0 11
0 18 2
1 21 13
2 18 15
t 1310 6.976744186046512
m 0 11
0 18 1
1 20 13
2 18 16
t 1309 6.976744186046512
m 0 11
0 18 0
1 19 13
2 18 15
t 1308 6.976744186046512
m 0 11
0 18 1
1 18 13
2 18 16
t 1307 6.976744186046512
m 0 11
0 18 2
1 18 14
2 18 15
t 1306 6.976744186046512
m 0 11
0 18 1
1 18 13
2 18 14
t 1305 6.976744186046512
m 0 11
0 18 0
1 19 13
2 18 15
t 1304 6.976744186046512
m 0 11
0 19 0
1 18 13
2 19 15
t 1303 6.976744186046512
m 0 11
0 20 0
1 18 14
2 18 15
t 1302 6.976744186046512
m 0 11
0 21 0
1 17 14
2 18 14
t 1301 6.976744186046512
m 0 11
0 20 0
1 16 14
2 17 14
t 1300 6.976744186046512
m 0 11
0 19 0
1 16 15
2 16 14
t 1299 6.976744186046512
m 0 11
0 18 0
1 16 16
2 16 15
t 1298 6.976744186046512
m 0 11
0 19 0
1 16 17
2 16 14
t 1297 6.976744186046512
m 0 11
0 18 0
1 17 17
2 16 13
t 1296 6.976744186046512
m 0 11
0 18 1
1 18 17
2 16 14
t 1295 6.976744186046512
m 0 11
0 18 0
1 17 17
2 16 13
t 1294 6.976744186046512
m 0 11
0 18 1
1 16 17
2 16 14
t 1293 6.976744186046512
m 0 11
0 18 2
1 16 16
2 16 13
t 1292 6.976744186046512
m 0 11
0 18 1
1 16 17
2 16 14
t 1291 6.976744186046512
m 0 11
0 18 2
1 15 17
2 17 14
t 1290 6.976744186046512
m 0 11
0 19 2
1 16 17
2 16 14
t 1289 6.976744186046512
m 0 11
0 18 2
1 15 17
2 16 13
t 1288 6.976744186046512
m 0 11
0 19 2
1 16 17
2 15 13
t 1287 6.976744186046512
m 0 11
0 20 2
1 16 16
2 16 13
t 1286 6.976744186046512
m 0 11
0 19 2
1 16 15
2 15 13
t 1285 6.976744186046512
m 0 11
0 18 2
1 16 16
2 16 13
t 1284 6.976744186046512
m 0 11
0 19 2
1 16 15
2 16 14
t 1283 6.976744186046512
m 0 11
0 18 2
1 15 15
2 16 13
t 1282 6.976744186046512
m 0 11
0 18 1
1 14 15
2 16 14
t 1281 6.976744186046512
m 0 11
0 18 0
1 13 15
2 16 15
t 1280 6.976744186046512
m 0 11
0 18 1
1 14 15
2 15 15
t 1279 6.976744186046512
m 0 11
0 18 2
1 13 15
2 14 15
t 1278 6.976744186046512
m 0 11
0 19 2
1 14 15
2 13 15
t 1277 6.976744186046512
m 0 11
0 20 2
1 13 15
2 14 15
t 1276 6.976744186046512
m 0 11
0 21 2
1 12 15
2 13 15
t 1275 6.976744186046512
m 0 11
0 20 2
1 12 16
2 12 15
t 1274 6.976744186046512
m 0 11
0 19 2
1 12 17
2 13 15
t 1273 6.976744186046512
m 0 11
0 20 2
1 13 17
2 14 15
t 1272 6.976744186046512
m 0 11
0 19 2
1 12 17
2 13 15
t 1271 6.976744186046512
m 0 11
0 18 2
1 11 17
2 14 15
t 1270 6.976744186046512
m 0 11
0 19 2
1 12 17
2 13 15
t 1269 6.976744186046512
m 0 11
0 20 2
1 13 17
2 12 15
t 1268 6.976744186046512
m 0 11
0 19 2
1 14 17
2 13 15
t 1267 6.976744186046512
m 0 11
0 20 2
1 13 17
2 12 15
t 1266 6.976744186046512
m 0 11
0 21 2
1 14 17
2 12 16
t 1265 6.976744186046512
m 0 11
0 20 2
1 13 17
2 12 15
t 1264 6.976744186046512
m 0 11
0 19 2
1 14 17
2 12 16
t 1263 6.976744186046512
m 0 11
0 20 2
1 15 17
2 12 15
t 1262 6.976744186046512
m 0 11
0 21 2
1 14 17
2 11 15
t 1261 6.976744186046512
m 0 11
0 20 2
1 15 17
2 10 15
t 1260 6.976744186046512
m 0 11
0 19 2
1 14 17
2 11 15
t 1259 6.976744186046512
m 0 11
0 20 2
1 15 17
2 12 15
t 1258 6.976744186046512
m 0 11
0 21 2
1 16 17
2 11 15
t 1257 6.976744186046512
m 0 11
0 21 3
1 16 16
2 12 15
t 1256 6.976744186046512
m 0 11
0 21 4
1 16 17
2 11 15
t 1255 6.976744186046512
m 0 11
0 20 4
1 16 16
2 12 15
t 1254 6.976744186046512
m 0 11
0 21 4
1 16 15
2 11 15
t 1253 6.976744186046512
m 0 11
0 20 4
1 16 14
2 12 15
t 1252 6.976744186046512
m 0 11
0 21 4
1 16 15
2 13 15
t 1251 6.976744186046512
m 0 11
0 20 4
1 15 15
2 12 15
t 1250 6.976744186046512
m 0 11
0 21 4
1 14 15
2 13 15
t 1249 6.976744186046512
m 0 11
0 20 4
1 15 15
2 14 15
t 1248 6.976744186046512
m 0 11
0 19 4
1 16 15
2 15 15
t 1247 6.976744186046512
m 0 11
0 18 4
1 16 14
2 14 15
t 1246 6.976744186046512
m 0 11
0 17 4
1 16 13
2 13 15
t 1245 6.976744186046512
m 0 11
0 18 4
1 16 14
2 14 15
t 1244 6.976744186046512
m 0 11
0 17 4
1 16 13
2 13 15
t 1243 6.976744186046512
m 0 11
0 18 4
1 16 14
2 14 15
t 1242 6.976744186046512
m 0 11
0 17 4
1 17 14
2 13 15
t 1241 6.976744186046512
m 0 11
0 17 5
1 18 14
2 14 15
t 1240 6.976744186046512
m 0 11
0 17 6
1 18 13
2 13 15
t 1239 6.976744186046512
m 0 11
0 17 5
1 19 13
2 12 15
t 1238 6.976744186046512
m 0 11
0 17 6
1 20 13
2 13 15
t 1237 6.976744186046512
m 0 11
0 17 7
1 21 13
2 12 15
t 1236 6.976744186046512
m 0 11
0 17 6
1 20 13
2 13 15
t 1235 6.976744186046512
m 0 11
0 17 7
1 19 13
2 12 15
t 1234 6.976744186046512
m 0 11
0 16 7
1 20 13
2 12 16
t 1233 6.976744186046512
m 0 11
0 17 7
1 21 13
2 12 17
t 1232 6.976744186046512
m 0 11
0 16 7
1 22 13
2 11 17
t 1231 6.976744186046512
m 0 11
0 15 7
1 21 13
2 12 17
t 1230 6.976744186046512
m 0 11
0 14 7
1 20 13
2 11 17
t 1229 6.976744186046512
m 0 11
0 15 7
1 21 13
2 10 17
t 1228 6.976744186046512
m 0 11
0 16 7
1 22 13
2 11 17
t 1227 6.976744186046512
m 0 11
0 15 7
1 23 13
2 10 17
t 1226 6.976744186046512
m 0 11
0 16 7
1 23 12
2 9 17
t 1225 6.976744186046512
m 0 11
0 17 7
1 23 11
2 8 17
t 1224 6.976744186046512
m 0 11
0 18 7
1 23 12
2 7 17
t 1223 6.976744186046512
m 0 11
0 17 7
1 23 13
2 6 17
t 1222 6.976744186046512
m 0 11
0 16 7
1 23 12
2 7 17
t 1221 6.976744186046512
m 0 11
0 17 7
1 23 13
2 8 17
t 1220 6.976744186046512
m 0 11
0 17 6
1 22 13
2 7 17
t 1219 6.976744186046512
m 0 11
0 17 5
1 23 13
2 7 18
t 1218 6.976744186046512
m 0 11
0 17 4
1 22 13
2 7 17
t 1217 6.976744186046512
m 0 11
0 16 4
1 23 13
2 7 18
t 1216 6.976744186046512
m 0 11
0 17 4
1 24 13
2 7 19
t 1215 6.976744186046512
m 0 11
0 16 4
1 25 13
2 6 19
t 1214 6.976744186046512
m 0 11
0 17 4
1 24 13
2 5 19
t 1213 6.976744186046512
m 0 11
0 16 4
1 25 13
2 4 19
t 1212 6.976744186046512
m 0 11
0 17 4
1 24 13
2 5 19
t 1211 6.976744186046512
m 0 11
0 16 4
1 23 13
2 4 19
t 1210 6.976744186046512
m 0 11
0 17 4
1 23 12
2 3 19
t 1209 6.976744186046512
m 0 11
0 18 4
1 23 11
2 2 19
t 1208 6.976744186046512
m 0 11
0 19 4
1 24 11
2 3 19
t 1207 6.976744186046512
m 0 11
0 20 4
1 25 11
2 4 19
t 1206 6.976744186046512
m 0 11
0 21 4
1 24 11
2 3 19
t 1205 6.976744186046512
m 0 11
0 21 5
1 23 11
2 4 19
t 1204 6.976744186046512
m 0 11
0 22 5
1 23 12
2 5 19
t 1203 6.976744186046512
m 0 11
0 21 5
1 23 13
2 6 19
t 1202 6.976744186046512
m 0 11
0 22 5
1 23 12
2 5 19
t 1201 6.976744186046512
m 0 11
0 21 5
1 23 11
2 6 19
t 1200 6.976744186046512
m 0 11
0 21 4
1 24 11
2 7 19
t 1199 6.976744186046512
m 0 11
0 20 4
1 23 11
2 6 19
t 1198 6.976744186046512
m 0 11
0 19 4
1 24 11
2 7 19
t 1197 6.976744186046512
m 0 11
0 20 4
1 23 11
2 6 19
t 1196 6.976744186046512
m 0 11
0 19 4
1 23 12
2 7 19
t 1195 6.976744186046512
m 0 11
0 18 4
1 23 13
2 7 18
t 1194 6.976744186046512
m 0 11
0 17 4
1 23 12
2 7 19
t 1193 6.976744186046512
m 0 11
0 18 4
1 23 13
2 7 18
t 1192 6.976744186046512
m 0 11
0 19 4
1 22 13
2 7 17
t 1191 6.976744186046512
m 0 11
0 18 4
1 21 13
2 6 17
t 1190 6.976744186046512
m 0 11
0 19 4
1 20 13
2 5 17
t 1189 6.976744186046512
m 0 11
0 18 4
1 19 13
2 6 17
t 1188 6.976744186046512
m 0 11
0 17 4
1 18 13
2 5 17
t 1187 6.976744186046512
m 0 11
0 18 4
1 18 14
2 6 17
t 1186 6.976744186046512
m 0 11
0 19 4
1 17 14
2 7 17
t 1185 6.976744186046512
m 0 11
0 20 4
1 16 14
2 7 18
t 1184 6.976744186046512
m 0 11
0 19 4
1 16 15
2 7 17
t 1183 6.976744186046512
m 0 11
0 18 4
1 16 14
2 6 17
t 1182 6.976744186046512
m 0 11
0 19 4
1 16 15
2 7 17
t 1181 6.976744186046512
m 0 11
0 20 4
1 16 14
2 6 17
t 1180 6.976744186046512
m 0 11
0 19 4
1 16 13
2 7 17
t 1179 6.976744186046512
m 0 11
0 18 4
1 16 14
2 6 17
t 1178 6.976744186046512
m 0 11
0 19 4
1 16 15
2 7 17
t 1177 6.976744186046512
m 0 11
0 20 4
1 16 14
2 6 17
t 1176 6.976744186046512
m 0 11
0 19 4
1 16 15
2 5 17
t 1175 6.976744186046512
m 0 11
0 18 4
1 16 16
2 4 17
t 1174 6.976744186046512
m 0 11
0 19 4
1 16 17
2 3 17
t 1173 6.976744186046512
m 0 11
0 18 4
1 16 16
2 4 17
t 1172 6.976744186046512
m 0 11
0 17 4
1 16 17
2 3 17
t 1171 6.976744186046512
m 0 11
0 17 5
1 16 16
2 4 17
t 1170 6.976744186046512
m 0 11
0 17 6
1 16 15
2 3 17
t 1169 6.976744186046512
m 0 11
0 17 7
1 16 16
2 4 17
t 1168 6.976744186046512
m 0 11
0 17 6
1 16 15
2 5 17
t 1167 6.976744186046512
m 0 11
0 17 7
1 16 16
2 4 17
t 1166 6.976744186046512
m 0 11
0 17 6
1 16 15
2 3 17
t 1165 6.976744186046512
m 0 11
0 17 5
1 16 16
2 4 17
t 1164 6.976744186046512
m 0 11
0 17 6
1 16 15
2 3 17
t 1163 6.976744186046512
m 0 11
0 17 5
1 16 16
2 4 17
t 1162 6.976744186046512
m 0 11
0 17 4
1 16 17
2 5 17
t 1161 6.976744186046512
m 0 11
0 18 4
1 15 17
2 6 17
t 1160 6.976744186046512
m 0 11
0 17 4
1 14 17
2 5 17
t 1159 6.976744186046512
m 0 11
0 16 4
1 13 17
2 6 17
t 1158 6.976744186046512
m 0 11
0 17 4
1 12 17
2 7 17
t 1157 6.976744186046512
m 0 11
0 17 5
1 11 17
2 6 17
t 1156 6.976744186046512
m 0 11
0 17 4
1 12 17
2 7 17
t 1155 6.976744186046512
m 0 11
0 17 5
1 11 17
2 7 18
t 1154 6.976744186046512
m 0 11
0 17 4
1 10 17
2 7 17
t 1153 6.976744186046512
m 0 11
0 16 4
1 9 17
2 6 17
t 1152 6.976744186046512
m 0 11
0 15 4
1 8 17
2 7 17
t 1151 6.976744186046512
m 0 11
0 14 4
1 7 17
2 8 17
t 1150 6.976744186046512
m 0 11
0 15 4
1 8 17
2 9 17
t 1149 6.976744186046512
m 0 11
0 16 4
1 9 17
2 8 17
t 1148 6.976744186046512
m 0 11
0 15 4
1 8 17
2 9 17
t 1147 6.976744186046512
m 0 11
0 16 4
1 7 17
2 10 17
t 1146 6.976744186046512
m 0 11
0 17 4
1 7 18
2 9 17
t 1145 6.976744186046512
m 0 11
0 18 4
1 7 17
2 10 17
t 1144 6.976744186046512
m 0 11
0 19 4
1 7 18
2 9 17
t 1143 6.976744186046512
m 0 11
0 18 4
1 7 17
2 10 17
t 1142 6.976744186046512
m 0 11
0 19 4
1 8 17
2 11 17
t 1141 6.976744186046512
m 0 11
0 20 4
1 7 17
2 12 17
t 1140 6.976744186046512
m 0 11
0 19 4
1 8 17
2 13 17
t 1139 6.976744186046512
m 0 11
0 18 4
1 9 17
2 12 17
t 1138 6.976744186046512
m 0 11
0 17 4
1 8 17
2 12 16
t 1137 6.976744186046512
m 0 11
0 17 5
1 7 17
2 12 17
t 1136 6.976744186046512
m 0 11
0 17 6
1 7 18
2 13 17
t 1135 6.976744186046512
m 0 11
0 17 5
1 7 19
2 14 17
t 1134 6.976744186046512
m 0 11
0 17 4
1 7 18
2 13 17
t 1133 6.976744186046512
m 0 11
0 18 4
1 7 17
2 12 17
t 1132 6.976744186046512
m 0 11
0 19 4
1 6 17
2 11 17
t 1131 6.976744186046512
m 0 11
0 20 4
1 7 17
2 12 17
t 1130 6.976744186046512
m 0 11
0 21 4
1 6 17
2 13 17
t 1129 6.976744186046512
m 0 11
0 20 4
1 5 17
2 14 17
t 1128 6.976744186046512
m 0 11
0 21 4
1 4 17
2 15 17
t 1127 6.976744186046512
m 0 11
0 20 4
1 3 17
2 16 17
t 1126 6.976744186046512
m 0 11
0 21 4
1 4 17
2 17 17
t 1125 6.976744186046512
m 0 11
0 21 5
1 5 17
2 16 17
t 1124 6.976744186046512
m 0 11
0 21 4
1 6 17
2 16 16
t 1123 6.976744186046512
m 0 11
0 20 4
1 7 17
2 16 15
t 1122 6.976744186046512
m 0 11
0 19 4
1 8 17
2 16 14
t 1121 6.976744186046512
m 0 11
0 20 4
1 9 17
2 17 14
t 1120 6.976744186046512
m 0 11
0 19 4
1 8 17
2 18 14
t 1119 6.976744186046512
m 0 11
0 18 4
1 7 17
2 17 14
t 1118 6.976744186046512
m 0 11
0 17 4
1 8 17
2 16 14
t 1117 6.976744186046512
m 0 11
0 16 4
1 9 17
2 17 14
t 1116 6.976744186046512
m 0 11
0 15 4
1 10 17
2 16 14
t 1115 6.976744186046512
m 0 11
0 14 4
1 9 17
2 17 14
t 1114 6.976744186046512
m 0 11
0 13 4
1 8 17
2 18 14
t 1113 6.976744186046512
m 0 11
0 13 5
1 7 17
2 18 13
t 1112 6.976744186046512
m 0 11
0 12 5
1 8 17
2 18 14
t 1111 6.976744186046512
m 0 11
0 13 5
1 7 17
2 18 15
t 1110 6.976744186046512
m 0 11
0 13 4
1 6 17
2 18 16
t 1109 6.976744186046512
m 0 11
0 13 3
1 5 17
2 18 15
t 1108 6.976744186046512
m 0 11
0 13 2
1 6 17
2 18 16
t 1107 6.976744186046512
m 0 11
0 12 2
1 5 17
2 18 17
t 1106 6.976744186046512
m 0 11
0 11 2
1 6 17
2 18 18
t 1105 6.976744186046512
m 0 11
0 10 2
1 5 17
2 18 19
t 1104 6.976744186046512
m 0 11
0 11 2
1 6 17
2 18 18
t 1103 6.976744186046512
m 0 11
0 12 2
1 5 17
2 18 17
t 1102 6.976744186046512
m 0 11
0 13 2
1 4 17
2 19 17
t 1101 6.976744186046512
m 0 11
0 14 2
1 5 17
2 18 17
t 1100 6.976744186046512
m 0 11
0 13 2
1 4 17
2 19 17
t 1099 6.976744186046512
m 0 11
0 14 2
1 5 17
2 18 17
t 1098 6.976744186046512
m 0 11
0 13 2
1 6 17
2 19 17
t 1097 6.976744186046512
m 0 11
0 13 3
1 5 17
2 18 17
t 1096 6.976744186046512
m 0 11
0 13 2
1 4 17
2 18 16
t 1095 6.976744186046512
m 0 11
0 12 2
1 5 17
2 18 17
t 1094 6.976744186046512
m 0 11
0 11 2
1 4 17
2 18 18
t 1093 6.976744186046512
m 0 11
0 10 2
1 3 17
2 18 17
t 1092 6.976744186046512
m 0 11
0 11 2
1 4 17
2 18 18
t 1091 6.976744186046512
m 0 11
0 10 2
1 3 17
2 18 19
t 1090 6.976744186046512
m 0 11
0 11 2
1 4 17
2 18 18
t 1089 6.976744186046512
m 0 11
0 12 2
1 5 17
2 18 17
t 1088 6.976744186046512
m 0 11
0 11 2
1 6 17
2 18 18
t 1087 6.976744186046512
m 0 11
0 10 2
1 7 17
2 18 19
t 1086 6.976744186046512
m 0 11
0 11 2
1 6 17
2 18 18
t 1085 6.976744186046512
m 0 11
0 12 2
1 7 17
2 18 17
t 1084 6.976744186046512
m 0 11
0 11 2
1 8 17
2 17 17
t 1083 6.976744186046512
m 0 11
0 12 2
1 9 17
2 16 17
t 1082 6.976744186046512
m 0 11
0 11 2
1 8 17
2 15 17
t 1081 6.976744186046512
m 0 11
0 12 2
1 9 17
2 14 17
t 1080 6.976744186046512
m 0 11
0 13 2
1 10 17
2 15 17
t 1079 6.976744186046512
m 0 11
0 14 2
1 9 17
2 14 17
t 1078 6.976744186046512
m 0 11
0 13 2
1 8 17
2 13 17
t 1077 6.976744186046512
m 0 11
0 14 2
1 9 17
2 12 17
t 1076 6.976744186046512
m 0 11
0 15 2
1 8 17
2 11 17
t 1075 6.976744186046512
m 0 11
0 14 2
1 7 17
2 12 17
t 1074 6.976744186046512
m 0 11
0 13 2
1 6 17
2 11 17
t 1073 6.976744186046512
m 0 11
0 12 2
1 5 17
2 12 17
t 1072 6.976744186046512
m 0 11
0 13 2
1 4 17
2 13 17
t 1071 6.976744186046512
m 0 11
0 13 3
1 5 17
2 12 17
t 1070 6.976744186046512
m 0 11
0 13 4
1 6 17
2 11 17
t 1069 6.976744186046512
m 0 11
0 13 3
1 5 17
2 12 17
t 1068 6.976744186046512
m 0 11
0 13 2
1 6 17
2 12 16
t 1067 6.976744186046512
m 0 11
0 14 2
1 7 17
2 12 15
t 1066 6.976744186046512
m 0 11
0 15 2
1 7 18
2 13 15
t 1065 6.976744186046512
m 0 11
0 16 2
1 7 19
2 14 15
t 1064 6.976744186046512
m 0 11
0 15 2
1 7 18
2 13 15
t 1063 6.976744186046512
m 0 11
0 16 2
1 7 19
2 12 15
t 1062 6.976744186046512
m 0 11
0 15 2
1 7 18
2 12 16
t 1061 6.976744186046512
m 0 11
0 14 2
1 7 19
2 12 15
t 1060 6.976744186046512
m 0 11
0 15 2
1 7 18
2 13 15
t 1059 6.976744186046512
m 0 11
0 16 2
1 7 17
2 14 15
t 1058 6.976744186046512
m 0 11
0 15 2
1 6 17
2 13 15
t 1057 6.976744186046512
m 0 11
0 16 2
1 5 17
2 14 15
t 1056 6.976744186046512
m 0 11
0 16 1
1 6 17
2 15 15
t 1055 6.976744186046512
m 0 11
0 16 0
1 7 17
2 14 15
t 1054 6.976744186046512
m 0 11
0 15 0
1 8 17
2 13 15
t 1053 6.976744186046512
m 0 11
0 14 0
1 9 17
2 12 15
t 1052 6.976744186046512
m 0 11
0 15 0
1 10 17
2 12 16
t 1051 6.976744186046512
m 0 11
0 16 0
1 11 17
2 12 17
t 1050 6.976744186046512
m 0 11
0 16 1
1 12 17
2 12 16
t 1049 6.976744186046512
m 0 11
0 16 0
1 11 17
2 12 17
t 1048 6.976744186046512
m 0 11
0 16 1
1 10 17
2 12 16
t 1047 6.976744186046512
m 0 11
0 16 2
1 9 17
2 12 17
t 1046 6.976744186046512
m 0 11
0 16 1
1 10 17
2 13 17
t 1045 6.976744186046512
m 0 11
0 16 2
1 11 17
2 12 17
t 1044 6.976744186046512
m 0 11
0 16 1
1 10 17
2 12 16
t 1043 6.976744186046512
m 0 11
0 16 0
1 9 17
2 12 17
t 1042 6.976744186046512
m 0 11
0 15 0
1 8 17
2 12 16
t 1041 6.976744186046512
m 0 11
0 16 0
1 9 17
2 12 15
t 1040 6.976744186046512
m 0 11
0 16 1
1 8 17
2 13 15
t 1039 6.976744186046512
m 0 11
0 16 2
1 9 17
2 12 15
t 1038 6.976744186046512
m 0 11
0 16 1
1 10 17
2 11 15
t 1037 6.976744186046512
m 0 11
0 16 2
1 9 17
2 12 15
t 1036 6.976744186046512
m 0 11
0 15 2
1 8 17
2 13 15
t 1035 6.976744186046512
m 0 11
0 14 2
1 7 17
2 12 15
t 1034 6.976744186046512
m 0 11
0 13 2
1 8 17
2 12 16
t 1033 6.976744186046512
m 0 11
0 14 2
1 7 17
2 12 17
t 1032 6.976744186046512
m 0 11
0 15 2
1 6 17
2 13 17
t 1031 6.976744186046512
m 0 11
0 14 2
1 7 17
2 14 17
t 1030 6.976744186046512
m 0 11
0 15 2
1 7 18
2 15 17
t 1029 6.976744186046512
m 0 11
0 14 2
1 7 17
2 16 17
t 1028 6.976744186046512
m 0 11
0 15 2
1 7 18
2 16 16
t 1027 6.976744186046512
m 0 11
0 16 2
1 7 17
2 16 15
t 1026 6.976744186046512
m 0 11
0 16 1
1 7 18
2 16 16
t 1025 6.976744186046512
m 0 11
0 16 2
1 7 19
2 16 15
t 1024 6.976744186046512
m 0 11
0 16 1
1 8 19
2 16 14
t 1023 6.976744186046512
m 0 11
0 16 2
1 9 19
2 16 13
t 1022 6.976744186046512
m 0 11
0 15 2
1 10 19
2 15 13
t 1021 6.976744186046512
m 0 11
0 16 2
1 9 19
2 14 13
t 1020 6.976744186046512
m 0 11
0 15 2
1 10 19
2 15 13
t 1019 6.976744186046512
m 0 11
0 16 2
1 11 19
2 16 13
t 1018 6.976744186046512
m 0 11
0 16 1
1 12 19
2 15 13
t 1017 6.976744186046512
m 0 11
0 16 2
1 11 19
2 14 13
t 1016 6.976744186046512
m 0 11
0 16 1
1 12 19
2 15 13
t 1015 6.976744186046512
m 0 11
0 16 2
1 13 19
2 16 13
t 1014 6.976744186046512
m 0 11
0 16 1
1 14 19
2 16 14
t 1013 6.976744186046512
m 0 11
0 16 0
1 15 19
2 16 13
t 1012 6.976744186046512
m 0 11
0 16 1
1 16 19
2 16 14
t 1011 6.976744186046512
m 0 11
0 16 2
1 15 19
2 16 13
t 1010 6.976744186046512
m 0 11
0 15 2
1 14 19
2 16 14
t 1009 6.976744186046512
m 0 11
0 14 2
1 15 19
2 16 13
t 1008 6.976744186046512
m 0 11
0 15 2
1 14 19
2 15 13
t 1007 6.976744186046512
m 0 11
0 16 2
1 13 19
2 14 13
t 1006 6.976744186046512
m 0 11
0 15 2
1 14 19
2 13 13
t 1005 6.976744186046512
m 0 11
0 14 2
1 13 19
2 12 13
t 1004 6.976744186046512
m 0 11
0 13 2
1 14 19
2 13 13
t 1003 6.976744186046512
m 0 11
0 12 2
1 13 19
2 13 12
t 1002 6.976744186046512
m 0 11
0 11 2
1 12 19
2 13 13
t 1001 6.976744186046512
m 0 11
0 10 2
1 11 19
2 14 13
t 1000 6.976744186046512
m 0 11
0 11 2
1 12 19
2 15 13
t 999 6.976744186046512
m 0 11
0 12 2
1 13 19
2 14 13
t 998 6.976744186046512
m 0 11
0 11 2
1 12 19
2 13 13
t 997 6.976744186046512
m 0 11
0 10 2
1 11 19
2 13 12
t 996 6.976744186046512
m 0 11
0 9 2
1 10 19
2 13 11
t 995 6.976744186046512
m 0 12
0 9 3
1 11 19
2 13 10
t 994 7.751937984496124
m 0 13
0 8 3
1 10 19
2 13 11
t 993 7.751937984496124
m 0 13
0 9 3
1 11 19
2 13 12
t 992 7.751937984496124
m 0 14
0 8 3
1 10 19
2 13 13
t 991 7.751937984496124
m 0 14
0 7 3
1 9 19
2 13 12
t 990 7.751937984496124
m 0 14
0 6 3
1 8 19
2 13 13
t 989 7.751937984496124
m 0 14
0 5 3
1 9 19
2 12 13
t 988 7.751937984496124
m 0 14
0 6 3
1 10 19
2 11 13
t 987 7.751937984496124
m 0 15
0 7 3
1 9 19
2 10 13
t 986 8.527131782945736
m 0 15
0 8 3
1 8 19
2 11 13
t 985 8.527131782945736
m 0 15
0 7 3
1 9 19
2 11 12
t 984 8.527131782945736
m 0 15
0 8 3
1 10 19
2 11 11
t 983 8.527131782945736
m 0 15
0 7 3
1 9 19
2 11 10
t 982 8.527131782945736
m 0 14
0 8 3
1 8 19
2 11 9
t 981 8.527131782945736
m 0 13
0 7 3
1 9 19
2 11 10
t 980 8.527131782945736
m 0 13
0 6 3
1 8 19
2 11 9
t 979 8.527131782945736
m 0 13
0 5 3
1 7 19
2 10 9
t 978 8.527131782945736
m 0 13
0 4 3
1 8 19
2 9 9
t 977 8.527131782945736
m 0 13
0 5 3
1 9 19
2 8 9
t 976 8.527131782945736
m 0 14
0 6 3
1 8 19
2 7 9
t 975 8.527131782945736
m 0 14
0 5 3
1 7 19
2 6 9
t 974 8.527131782945736
m 0 14
0 4 3
1 6 19
2 6 8
t 973 8.527131782945736
m 0 14
0 5 3
1 7 19
2 5 8
t 972 8.527131782945736
m 0 14
0 5 4
1 8 19
2 6 8
t 971 8.527131782945736
m 0 14
0 5 3
1 7 19
2 5 8
t 970 8.527131782945736
m 0 14
0 4 3
1 7 18
2 6 8
t 969 8.527131782945736
m 0 14
0 3 3
1 7 19
2 6 9
t 968 8.527131782945736
m 0 14
0 2 3
1 6 19
2 6 10
t 967 8.527131782945736
m 0 14
0 3 3
1 5 19
2 6 9
t 966 8.527131782945736
m 0 14
0 2 3
1 6 19
2 6 8
t 965 8.527131782945736
m 0 14
0 1 3
1 5 19
2 5 8
t 964 8.527131782945736
m 0 14
0 0 3
1 4 19
2 6 8
t 963 8.527131782945736
m 0 13
0 1 3
1 5 19
2 6 9
t 962 8.527131782945736
m 0 13
0 2 3
1 6 19
2 7 9
t 961 8.527131782945736
m 0 13
0 3 3
1 5 19
2 6 9
t 960 8.527131782945736
m 0 13
0 4 3
1 4 19
2 6 10
t 959 8.527131782945736
m 0 13
0 5 3
1 5 19
2 6 9
t 958 8.527131782945736
m 0 13
0 5 4
1 6 19
2 6 10
t 957 8.527131782945736
m 0 14
0 5 5
1 5 19
2 6 11
t 956 8.527131782945736
m 0 14
0 5 6
1 4 19
2 7 11
t 955 8.527131782945736
m 0 14
0 5 5
1 5 19
2 6 11
t 954 8.527131782945736
m 0 14
0 5 4
1 6 19
2 5 11
t 953 8.527131782945736
m 0 15
0 5 5
1 5 19
2 6 11
t 952 8.527131782945736
m 0 15
0 5 6
1 6 19
2 5 11
t 951 8.527131782945736
m 0 15
0 6 6
1 5 19
2 4 11
t 950 8.527131782945736
m 0 15
0 7 6
1 6 19
2 5 11
t 949 8.527131782945736
m 0 15
0 6 6
1 5 19
2 6 11
t 948 8.527131782945736
m 0 15
0 7 6
1 4 19
2 5 11
t 947 8.527131782945736
m 0 15
0 8 6
1 3 19
2 6 11
t 946 8.527131782945736
m 0 14
0 7 6
1 4 19
2 7 11
t 945 8.527131782945736
m 0 14
0 8 6
1 3 19
2 8 11
t 944 8.527131782945736
m 0 13
0 7 6
1 2 19
2 9 11
t 943 8.527131782945736
m 0 12
0 6 6
1 1 19
2 10 11
t 942 8.527131782945736
m 0 11
0 5 6
1 0 19
2 9 11
t 941 8.527131782945736
m 0 11
0 5 5
1 1 19
2 8 11
t 940 8.527131782945736
m 0 11
0 5 6
1 0 19
2 9 11
t 939 8.527131782945736
m 0 11
0 5 5
1 0 18
2 8 11
t 938 8.527131782945736
m 0 11
0 5 6
1 0 17
2 7 11
t 937 8.527131782945736
m 0 11
0 5 5
1 0 16
2 8 11
t 936 8.527131782945736
m 1 11
0 5 6
1 0 15
2 9 11
t 935 8.527131782945736
m 2 11
0 5 5
1 0 16
2 10 11
t 934 8.527131782945736
m 2 11
0 5 6
1 0 17
2 9 11
t 933 8.527131782945736
m 2 11
0 4 6
1 0 16
2 10 11
t 932 8.527131782945736
m 2 11
0 5 6
1 0 17
2 11 11
t 931 8.527131782945736
m 2 11
0 6 6
1 0 16
2 11 12
t 930 8.527131782945736
m 3 11
0 7 6
1 0 15
2 11 11
t 929 8.527131782945736
m 3 10
0 8 6
1 0 16
2 10 11
t 928 8.527131782945736
m 3 10
0 9 6
1 0 17
2 11 11
t 927 8.527131782945736
m 3 10
0 9 7
1 0 16
2 11 12
t 926 8.527131782945736
m 3 10
0 10 7
1 0 15
2 11 13
t 925 8.527131782945736
m 3 9
0 9 7
1 0 14
2 10 13
t 924 9.30232558139535
m 3 9
0 10 7
1 0 13
2 9 13
t 923 9.30232558139535
m 3 8
0 9 7
1 0 12
2 8 13
t 922 9.30232558139535
m 3 8
0 10 7
1 0 13
2 8 14
t 921 9.30232558139535
m 3 8
0 11 7
1 0 12
2 8 15
t 920 9.30232558139535
m 4 8
0 12 7
1 0 13
2 7 15
t 919 10.077519379844961
m 4 8
0 13 7
1 0 12
2 8 15
t 918 10.077519379844961
m 5 8
0 14 7
1 0 13
2 7 15
t 917 10.077519379844961
m 5 8
0 15 7
1 0 12
2 8 15
t 916 10.077519379844961
m 5 8
0 16 7
1 0 11
2 9 15
t 915 10.077519379844961
m 6 8
0 17 7
1 1 11
2 8 15
t 914 10.077519379844961
m 6 8
0 16 7
1 2 11
2 7 15
t 913 10.077519379844961
m 6 8
0 15 7
1 2 12
2 6 15
t 912 10.077519379844961
m 6 8
0 16 7
1 2 13
2 5 15
t 911 10.077519379844961
m 6 8
0 17 7
1 2 12
2 4 15
t 910 10.077519379844961
m 6 8
0 17 6
1 2 11
2 5 15
t 909 10.077519379844961
m 6 8
0 17 5
1 3 11
2 4 15
t 908 10.077519379844961
m 6 8
0 17 4
1 4 11
2 5 15
t 907 10.077519379844961
m 6 8
0 16 4
1 5 11
2 6 15
t 906 10.077519379844961
m 6 8
0 17 4
1 4 11
2 5 15
t 905 10.077519379844961
m 6 8
0 17 5
1 3 11
2 6 15
t 904 10.077519379844961
m 6 8
0 17 6
1 2 11
2 5 15
t 903 10.077519379844961
m 6 8
0 17 5
1 3 11
2 6 15
t 902 10.077519379844961
m 6 8
0 17 4
1 3 10
2 5 15
t 901 10.077519379844961
m 6 8
0 18 4
1 3 9
2 4 15
t 900 10.077519379844961
m 6 8
0 19 4
1 3 10
2 3 15
t 899 10.077519379844961
m 6 8
0 20 4
1 3 11
2 2 15
t 898 10.077519379844961
m 6 8
0 21 4
1 3 10
2 3 15
t 897 10.077519379844961
m 6 8
0 21 3
1 3 9
2 4 15
t 896 10.077519379844961
m 6 8
0 21 4
1 3 10
2 5 15
t 895 10.077519379844961
m 6 8
0 21 5
1 3 9
2 4 15
t 894 10.077519379844961
m 6 8
0 21 4
1 3 8
2 5 15
t 893 10.077519379844961
m 6 9
0 21 3
1 3 7
2 6 15
t 892 10.852713178294573
m 7 9
0 21 2
1 3 6
2 5 15
t 891 10.852713178294573
m 8 9
0 20 2
1 3 7
2 4 15
t 890 10.852713178294573
m 9 9
0 21 2
1 3 6
2 5 15
t 889 11.627906976744185
m 10 9
0 20 2
1 3 7
2 6 15
t 888 11.627906976744185
m 11 9
0 21 2
1 3 6
2 7 15
t 887 11.627906976744185
m 11 9
0 21 3
1 4 6
2 8 15
t 886 11.627906976744185
m 11 9
0 21 2
1 5 6
2 9 15
t 885 11.627906976744185
m 11 9
0 21 3
1 5 5
2 10 15
t 884 11.627906976744185
m 11 8
0 21 2
1 5 6
2 11 15
t 883 11.627906976744185
m 11 8
0 22 2
1 4 6
2 10 15
t 882 11.627906976744185
m 11 8
0 23 2
1 3 6
2 11 15
t 881 11.627906976744185
m 11 7
0 22 2
1 4 6
2 10 15
t 880 12.4031007751938
m 12 7
0 23 2
1 5 6
2 9 15
t 879 12.4031007751938
m 13 7
0 24 2
1 5 5
2 8 15
t 878 12.4031007751938
m 13 8
0 25 2
1 5 6
2 8 14
t 877 13.178294573643411
m 13 8
0 25 3
1 5 5
2 8 15
t 876 13.178294573643411
m 13 8
0 25 2
1 5 6
2 8 14
t 875 13.178294573643411
m 13 8
0 25 3
1 5 5
2 8 15
t 874 13.178294573643411
m 13 8
0 26 3
1 5 6
2 8 14
t 873 13.178294573643411
m 13 8
0 25 3
1 4 6
2 8 13
t 872 13.178294573643411
m 13 8
0 26 3
1 3 6
2 8 14
t 871 13.178294573643411
m 13 8
0 25 3
1 3 7
2 8 15
t 870 13.178294573643411
m 13 8
0 26 3
1 3 8
2 9 15
t 869 13.178294573643411
m 13 7
0 27 3
1 3 7
2 8 15
t 868 13.178294573643411
m 13 8
0 28 3
1 3 8
2 7 15
t 867 13.178294573643411
m 13 9
0 27 3
1 4 8
2 8 15
t 866 13.178294573643411
m 14 9
0 28 3
1 3 8
2 9 15
t 865 13.178294573643411
m 15 9
0 27 3
1 3 7
2 8 15
t 864 13.953488372093023
m 16 9
0 27 2
1 3 6
2 8 14
t 863 13.953488372093023
m 17 9
0 27 1
1 4 6
2 8 15
t 862 13.953488372093023
m 18 9
0 27 2
1 3 6
2 8 14
t 861 14.728682170542635
m 18 9
0 27 3
1 3 7
2 8 15
t 860 14.728682170542635
m 18 9
0 27 2
1 3 8
2 9 15
t 859 14.728682170542635
m 18 9
0 27 1
1 3 9
2 10 15
t 858 14.728682170542635
m 19 9
0 27 2
1 3 10
2 11 15
t 857 14.728682170542635
m 19 9
0 27 3
1 3 9
2 10 15
t 856 14.728682170542635
m 19 9
0 27 2
1 3 10
2 11 15
t 855 14.728682170542635
m 19 9
0 27 3
1 3 11
2 10 15
t 854 14.728682170542635
m 19 9
0 28 3
1 3 10
2 11 15
t 853 14.728682170542635
m 19 9
0 29 3
1 3 9
2 12 15
t 852 14.728682170542635
m 20 9
0 28 3
1 3 8
2 12 16
t 851 14.728682170542635
m 20 9
0 29 3
1 3 9
2 12 17
t 850 14.728682170542635
m 20 9
0 28 3
1 3 8
2 11 17
t 849 14.728682170542635
m 19 9
0 27 3
1 2 8
2 10 17
t 848 14.728682170542635
m 18 9
0 28 3
1 1 8
2 9 17
t 847 14.728682170542635
m 18 9
0 27 3
1 0 8
2 10 17
t 846 14.728682170542635
m 18 9
0 28 3
1 0 7
2 9 17
t 845 14.728682170542635
m 18 9
0 27 3
1 0 6
2 8 17
t 844 14.728682170542635
m 17 9
0 28 3
1 0 5
2 7 17
t 843 14.728682170542635
m 17 9
0 27 3
1 0 6
2 7 18
t 842 14.728682170542635
m 17 10
0 27 2
1 0 5
2 7 17
t 841 15.503875968992247
m 17 10
0 27 1
1 0 6
2 6 17
t 840 15.503875968992247
m 17 10
0 27 2
1 0 5
2 7 17
t 839 15.503875968992247
m 17 10
0 27 1
1 0 6
2 6 17
t 838 15.503875968992247
m 17 10
0 27 0
1 0 5
2 5 17
t 837 15.503875968992247
m 17 10
0 26 0
1 0 6
2 4 17
t 836 15.503875968992247
m 17 10
0 27 0
1 0 5
2 5 17
t 835 15.503875968992247
m 17 10
0 28 0
1 0 4
2 4 17
t 834 15.503875968992247
m 17 10
0 27 0
1 0 5
2 3 17
t 833 15.503875968992247
m 17 10
0 26 0
1 0 6
2 2 17
t 832 15.503875968992247
m 17 11
0 27 0
1 0 5
2 2 16
t 831 15.503875968992247
m 17 11
0 28 0
1 0 4
2 2 15
t 830 15.503875968992247
m 18 11
0 27 0
1 0 3
2 2 16
t 829 15.503875968992247
m 18 11
0 28 0
1 0 2
2 2 15
t 828 15.503875968992247
m 18 11
0 27 0
1 0 1
2 2 16
t 827 15.503875968992247
m 18 11
0 26 0
1 0 2
2 2 15
t 826 15.503875968992247
m 18 11
0 25 0
1 0 3
2 1 15
t 825 15.503875968992247
m 17 11
0 26 0
1 0 4
2 2 15
t 824 15.503875968992247
m 17 11
0 25 0
1 0 3
2 3 15
t 823 15.503875968992247
m 17 11
0 26 0
1 1 3
2 2 15
t 822 15.503875968992247
m 17 11
0 25 0
1 2 3
2 2 16
t 821 15.503875968992247
m 17 11
0 26 0
1 3 3
2 2 17
t 820 15.503875968992247
m 17 11
0 25 0
1 4 3
2 2 16
t 819 15.503875968992247
m 17 11
0 24 0
1 5 3
2 2 17
t 818 15.503875968992247
m 16 11
0 25 0
1 6 3
2 2 16
t 817 16.27906976744186
m 17 11
0 26 0
1 7 3
2 2 17
t 816 16.27906976744186
m 18 11
0 27 0
1 8 3
2 2 16
t 815 16.27906976744186
m 19 11
0 27 1
1 9 3
2 2 15
t 814 17.05426356589147
m 19 11
0 27 0
1 9 4
2 1 15
t 813 17.05426356589147
m 20 11
0 27 1
1 9 5
2 2 15
t 812 17.05426356589147
m 20 11
0 27 0
1 10 5
2 2 14
t 811 17.05426356589147
m 21 11
0 27 1
1 9 5
2 2 13
t 810 17.05426356589147
m 21 12
0 27 2
1 9 4
2 3 13
t 809 17.829457364341085
m 21 13
0 27 1
1 9 3
2 4 13
t 808 17.829457364341085
m 21 13
0 27 0
1 8 3
2 3 13
t 807 17.829457364341085
m 21 13
0 28 0
1 9 3
2 2 13
t 806 17.829457364341085
m 21 13
0 27 0
1 9 2
2 3 13
t 805 17.829457364341085
m 21 13
0 28 0
1 9 3
2 4 13
t 804 17.829457364341085
m 22 13
0 29 0
1 8 3
2 3 13
t 803 17.829457364341085
m 22 13
0 28 0
1 7 3
2 4 13
t 802 17.829457364341085
m 22 13
0 27 0
1 6 3
2 3 13
t 801 17.829457364341085
m 22 13
0 28 0
1 7 3
2 2 13
t 800 17.829457364341085
m 22 13
0 29 0
1 7 2
2 2 14
t 799 17.829457364341085
m 22 13
0 30 0
1 7 1
2 2 13
t 798 17.829457364341085
m 22 13
0 29 0
1 7 0
2 3 13
t 797 17.829457364341085
m 22 13
0 28 0
1 7 1
2 4 13
t 796 17.829457364341085
m 22 13
0 27 0
1 7 0
2 5 13
t 795 17.829457364341085
m 22 13
0 26 0
1 7 1
2 6 13
t 794 17.829457364341085
m 22 13
0 25 0
1 7 0
2 5 13
t 793 17.829457364341085
m 22 13
0 26 0
1 6 0
2 6 13
t 792 17.829457364341085
m 22 13
0 27 0
1 7 0
2 5 13
t 791 17.829457364341085
m 22 13
0 28 0
1 7 1
2 4 13
t 790 17.829457364341085
m 22 13
0 27 0
1 7 2
2 3 13
t 789 17.829457364341085
m 22 13
0 26 0
1 7 1
2 2 13
t 788 17.829457364341085
m 21 13
0 27 0
1 7 0
2 2 12
t 787 17.829457364341085
m 21 13
0 27 1
1 6 0
2 2 11
t 786 17.829457364341085
m 20 13
0 27 2
1 7 0
2 1 11
t 785 18.6046511627907
m 19 13
0 27 1
1 7 1
2 2 11
t 784 18.6046511627907
m 19 13
0 27 0
1 7 0
2 2 12
t 783 18.6046511627907
m 20 13
0 27 1
1 7 1
2 2 13
t 782 18.6046511627907
m 20 13
0 27 2
1 7 2
2 3 13
t 781 18.6046511627907
m 20 13
0 27 3
1 7 3
2 4 13
t 780 18.6046511627907
m 20 13
0 27 2
1 6 3
2 3 13
t 779 18.6046511627907
m 20 13
0 27 3
1 7 3
2 2 13
t 778 18.6046511627907
m 20 13
0 28 3
1 6 3
2 3 13
t 777 18.6046511627907
m 20 13
0 29 3
1 5 3
2 4 13
t 776 18.6046511627907
m 21 13
0 28 3
1 4 3
2 5 13
t 775 18.6046511627907
m 21 13
0 27 3
1 3 3
2 4 13
t 774 18.6046511627907
m 21 13
0 26 3
1 4 3
2 5 13
t 773 18.6046511627907
m 21 13
0 27 3
1 5 3
2 6 13
t 772 18.6046511627907
m 21 13
0 28 3
1 5 4
2 5 13
t 771 18.6046511627907
m 21 13
0 29 3
1 5 5
2 4 13
t 770 18.6046511627907
m 21 13
0 29 4
1 5 6
2 3 13
t 769 18.6046511627907
m 21 13
0 29 3
1 6 6
2 4 13
t 768 18.6046511627907
m 21 13
0 28 3
1 7 6
2 5 13
t 767 18.6046511627907
m 21 13
0 27 3
1 8 6
2 6 13
t 766 18.6046511627907
m 21 13
0 26 3
1 7 6
2 7 13
t 765 18.6046511627907
m 21 13
0 27 3
1 6 6
2 6 13
t 764 18.6046511627907
m 21 13
0 27 2
1 7 6
2 5 13
t 763 18.6046511627907
m 21 13
0 27 1
1 8 6
2 6 13
t 762 18.6046511627907
m 22 13
0 27 2
1 7 6
2 7 13
t 761 18.6046511627907
m 22 13
0 27 1
1 8 6
2 6 13
t 760 18.6046511627907
m 22 13
0 27 2
1 7 6
2 7 13
t 759 18.6046511627907
m 22 13
0 27 1
1 8 6
2 8 13
t 758 18.6046511627907
m 23 13
0 27 0
1 9 6
2 9 13
t 757 19.37984496124031
m 24 13
0 26 0
1 9 5
2 8 13
t 756 19.37984496124031
m 24 13
0 25 0
1 9 4
2 8 14
t 755 19.37984496124031
m 23 13
0 26 0
1 9 3
2 8 15
t 754 19.37984496124031
m 23 13
0 25 0
1 8 3
2 8 14
t 753 19.37984496124031
m 23 13
0 24 0
1 9 3
2 8 13
t 752 19.37984496124031
m 23 13
0 25 0
1 8 3
2 9 13
t 751 19.37984496124031
m 23 13
0 26 0
1 9 3
2 10 13
t 750 19.37984496124031
m 24 13
0 25 0
1 9 4
2 9 13
t 749 19.37984496124031
m 24 13
0 26 0
1 9 5
2 8 13
t 748 19.37984496124031
m 24 13
0 25 0
1 9 4
2 9 13
t 747 19.37984496124031
m 24 13
0 26 0
1 9 3
2 10 13
t 746 19.37984496124031
m 24 13
0 25 0
1 9 2
2 9 13
t 745 19.37984496124031
m 24 13
0 24 0
1 10 2
2 8 13
t 744 19.37984496124031
m 25 13
0 25 0
1 11 2
2 7 13
t 743 19.37984496124031
m 26 13
0 26 0
1 10 2
2 8 13
t 742 20.155038759689923
m 26 14
0 27 0
1 9 2
2 8 14
t 741 20.155038759689923
m 26 15
0 28 0
1 9 3
2 8 13
t 740 20.155038759689923
m 25 15
0 29 0
1 9 2
2 8 14
t 739 20.155038759689923
m 25 15
0 30 0
1 9 3
2 8 15
t 738 20.155038759689923
m 26 15
0 31 0
1 9 4
2 8 14
t 737 20.155038759689923
m 26 15
0 30 0
1 9 5
2 8 15
t 736 20.155038759689923
m 26 15
0 29 0
1 9 4
2 9 15
t 735 20.155038759689923
m 26 15
0 30 0
1 9 3
2 8 15
t 734 20.155038759689923
m 26 15
0 31 0
1 9 2
2 9 15
t 733 20.155038759689923
m 27 15
0 30 0
1 9 3
2 10 15
t 732 20.930232558139537
m 27 15
0 29 0
1 8 3
2 11 15
t 731 20.930232558139537
m 27 15
0 30 0
1 9 3
2 10 15
t 730 20.930232558139537
m 27 15
0 29 0
1 9 2
2 11 15
t 729 20.930232558139537
m 27 15
0 28 0
1 10 2
2 12 15
t 728 20.930232558139537
m 27 15
0 29 0
1 9 2
2 13 15
t 727 20.930232558139537
m 28 15
0 28 0
1 10 2
2 14 15
t 726 20.930232558139537
m 29 15
0 29 0
1 11 2
2 13 15
t 725 20.930232558139537
m 30 15
0 30 0
1 10 2
2 12 15
t 724 21.705426356589147
m 31 15
0 29 0
1 9 2
2 13 15
t 723 21.705426356589147
m 32 15
0 28 0
1 10 2
2 12 15
t 722 21.705426356589147
m 32 16
0 29 0
1 11 2
2 13 15
t 721 22.48062015503876
m 32 17
0 30 0
1 12 2
2 12 15
t 720 22.48062015503876
m 32 17
0 31 0
1 13 2
2 11 15
t 719 22.48062015503876
m 32 17
0 30 0
1 14 2
2 10 15
t 718 22.48062015503876
m 32 17
0 29 0
1 15 2
2 9 15
t 717 22.48062015503876
m 32 17
0 30 0
1 16 2
2 10 15
t 716 22.48062015503876
m 32 17
0 31 0
1 16 1
2 9 15
t 715 22.48062015503876
m 32 17
0 32 0
1 16 2
2 8 15
t 714 22.48062015503876
m 31 17
0 33 0
1 15 2
2 7 15
t 713 23.25581395348837
m 30 17
0 34 0
1 14 2
2 6 15
t 712 23.25581395348837
m 29 17
0 33 0
1 13 2
2 5 15
t 711 23.25581395348837
m 28 17
0 34 0
1 13 3
2 6 15
t 710 24.031007751937985
m 28 17
0 33 0
1 13 2
2 5 15
t 709 24.031007751937985
m 27 17
0 32 0
1 12 2
2 6 15
t 708 24.031007751937985
m 27 18
0 31 0
1 13 2
2 7 15
t 707 24.8062015503876
m 27 19
0 30 0
1 13 3
2 8 15
t 706 24.8062015503876
m 27 19
0 31 0
1 13 2
2 9 15
t 705 24.8062015503876
m 27 19
0 30 0
1 12 2
2 8 15
t 704 24.8062015503876
m 27 19
0 29 0
1 13 2
2 8 14
t 703 24.8062015503876
m 26 19
0 30 0
1 12 2
2 8 15
t 702 25.58139534883721
m 26 19
0 31 0
1 11 2
2 7 15
t 701 25.58139534883721
m 26 19
0 32 0
1 10 2
2 8 15
t 700 25.58139534883721
m 27 19
0 33 0
1 11 2
2 9 15
t 699 25.58139534883721
m 28 19
0 32 0
1 12 2
2 10 15
t 698 25.58139534883721
m 28 19
0 31 0
1 13 2
2 11 15
t 697 25.58139534883721
m 28 19
0 32 0
1 14 2
2 10 15
t 696 25.58139534883721
m 28 19
0 33 0
1 15 2
2 11 15
t 695 25.58139534883721
m 29 19
0 34 0
1 16 2
2 12 15
t 694 26.356589147286822
m 30 19
0 33 0
1 15 2
2 11 15
t 693 26.356589147286822
m 30 19
0 32 0
1 16 2
2 10 15
t 692 26.356589147286822
m 29 19
0 31 0
1 16 1
2 11 15
t 691 26.356589147286822
m 29 19
0 32 0
1 16 2
2 10 15
t 690 26.356589147286822
m 29 19
0 33 0
1 15 2
2 11 15
t 689 26.356589147286822
m 29 19
0 34 0
1 16 2
2 12 15
t 688 26.356589147286822
m 30 19
0 33 0
1 15 2
2 13 15
t 687 26.356589147286822
m 30 19
0 32 0
1 14 2
2 12 15
t 686 26.356589147286822
m 30 19
0 33 0
1 15 2
2 11 15
t 685 26.356589147286822
m 30 19
0 32 0
1 16 2
2 12 15
t 684 26.356589147286822
m 30 19
0 33 0
1 15 2
2 13 15
t 683 26.356589147286822
m 30 19
0 32 0
1 14 2
2 14 15
t 682 26.356589147286822
m 30 19
0 31 0
1 13 2
2 15 15
t 681 26.356589147286822
m 30 19
0 30 0
1 13 3
2 16 15
t 680 26.356589147286822
m 31 19
0 29 0
1 13 2
2 16 14
t 679 26.356589147286822
m 32 19
0 30 0
1 12 2
2 17 14
t 678 27.131782945736433
m 33 19
0 29 0
1 11 2
2 16 14
t 677 27.131782945736433
m 34 19
0 28 0
1 10 2
2 16 13
t 676 37.13178294573643
m 34 19
0 29 0
1 9 2
2 15 13
t 675 37.13178294573643
m 34 19
0 28 0
1 9 3
2 16 13
t 674 37.13178294573643
m 34 19
0 29 0
1 8 3
2 15 13
t 673 37.13178294573643
m 34 19
0 28 0
1 9 3
2 16 13
t 672 37.13178294573643
m 34 19
0 27 0
1 9 2
2 16 14
t 671 37.13178294573643
m 34 19
0 28 0
1 10 2
2 16 15
t 670 37.13178294573643
m 34 19
0 27 0
1 9 2
2 15 15
t 669 37.13178294573643
m 34 19
0 26 0
1 9 3
2 16 15
t 668 37.13178294573643
m 34 19
0 25 0
1 9 4
2 16 16
t 667 37.13178294573643
m 34 19
0 24 0
1 9 3
2 16 17
t 666 37.13178294573643
m 34 19
0 25 0
1 8 3
2 16 18
t 665 37.13178294573643
m 34 19
0 24 0
1 9 3
2 16 19
t 664 37.13178294573643
m 34 18
0 25 0
1 9 4
2 16 18
t 663 37.13178294573643
m 34 19
0 26 0
1 9 3
2 16 17
t 662 37.13178294573643
m 34 19
0 27 0
1 9 2
2 17 17
t 661 37.13178294573643
m 34 19
0 28 0
1 9 3
2 16 17
t 660 37.13178294573643
m 34 19
0 27 0
1 8 3
2 15 17
t 659 37.13178294573643
m 34 19
0 27 1
1 9 3
2 14 17
t 658 37.13178294573643
m 34 19
0 27 0
1 9 2
2 15 17
t 657 37.13178294573643
m 34 19
0 28 0
1 9 3
2 16 17
t 656 37.13178294573643
m 34 19
0 29 0
1 8 3
2 16 16
t 655 37.13178294573643
m 34 19
0 30 0
1 9 3
2 16 15
t 654 37.13178294573643
m 34 19
0 29 0
1 9 4
2 16 14
t 653 37.13178294573643
m 34 19
0 28 0
1 9 5
2 16 15
t 652 37.13178294573643
m 34 19
0 29 0
1 9 6
2 16 16
t 651 37.13178294573643
m 34 19
0 30 0
1 8 6
2 16 15
t 650 37.13178294573643
m 34 19
0 29 0
1 9 6
2 16 16
t 649 37.13178294573643
m 34 19
0 28 0
1 8 6
2 16 15
t 648 37.13178294573643
m 34 19
0 29 0
1 9 6
2 16 16
t 647 37.13178294573643
m 34 19
0 30 0
1 8 6
2 16 15
t 646 37.13178294573643
m 34 19
0 31 0
1 7 6
2 16 16
t 645 37.13178294573643
m 34 19
0 32 0
1 8 6
2 16 17
t 644 37.13178294573643
m 34 19
0 33 0
1 7 6
2 17 17
t 643 37.13178294573643
m 34 19
0 34 0
1 6 6
2 18 17
t 642 37.13178294573643
m 34 19
0 34 1
1 7 6
2 17 17
t 641 37.13178294573643
m 34 19
0 34 0
1 6 6
2 16 17
t 640 37.13178294573643
m 34 19
0 33 0
1 5 6
2 16 16
t 639 37.13178294573643
m 34 19
0 34 0
1 4 6
2 16 17
t 638 37.13178294573643
m 34 19
0 34 1
1 3 6
2 15 17
t 637 37.13178294573643
m 33 19
0 34 0
1 4 6
2 16 17
t 636 37.13178294573643
m 33 19
0 34 1
1 5 6
2 17 17
t 635 37.13178294573643
m 33 19
0 34 0
1 5 5
2 16 17
t 634 37.13178294573643
m 33 19
0 33 0
1 5 4
2 16 16
t 633 37.13178294573643
m 34 19
0 32 0
1 5 5
2 16 17
t 632 37.13178294573643
m 34 19
0 33 0
1 5 6
2 16 16
t 631 37.13178294573643
m 34 19
0 34 0
1 6 6
2 16 17
t 630 37.13178294573643
m 34 19
0 34 1
1 5 6
2 17 17
t 629 37.13178294573643
m 34 19
0 34 0
1 5 5
2 18 17
t 628 37.13178294573643
m 34 19
0 33 0
1 5 4
2 18 18
f 34 0
t 627 37.13178294573643
m 34 19
0 32 0
1 5 5
2 18 17
t 626 37.13178294573643
m 34 19
0 31 0
1 5 4
2 19 17
t 625 37.13178294573643
m 34 19
0 30 0
1 5 5
2 18 17
t 624 37.13178294573643
m 34 19
0 29 0
1 5 6
2 18 18
t 623 37.13178294573643
m 34 19
0 28 0
1 6 6
2 18 17
t 622 37.13178294573643
m 34 19
0 29 0
1 7 6
2 18 16
t 621 37.13178294573643
m 34 19
0 30 0
1 6 6
2 18 17
t 620 37.13178294573643
m 34 19
0 29 0
1 5 6
2 18 16
t 619 37.13178294573643
m 34 19
0 28 0
1 5 5
2 18 17
t 618 37.13178294573643
m 34 19
0 27 0
1 5 6
2 19 17
t 617 37.13178294573643
m 34 19
0 28 0
1 4 6
2 18 17
t 616 37.13178294573643
m 34 19
0 27 0
1 5 6
2 19 17
t 615 37.13178294573643
m 34 19
0 26 0
1 5 5
2 18 17
t 614 37.13178294573643
m 34 19
0 25 0
1 5 6
2 17 17
t 613 37.13178294573643
m 34 19
0 24 0
1 5 5
2 18 17
t 612 37.13178294573643
m 34 19
0 25 0
1 5 6
2 18 16
t 611 37.13178294573643
m 34 19
0 24 0
1 5 5
2 18 17
t 610 37.13178294573643
m 34 19
0 25 0
1 5 4
2 17 17
t 609 37.13178294573643
m 34 19
0 24 0
1 5 3
2 18 17
t 608 37.13178294573643
m 34 19
0 23 0
1 6 3
2 17 17
t 607 37.13178294573643
m 34 19
0 22 0
1 7 3
2 18 17
t 606 37.13178294573643
m 34 19
0 21 0
1 7 2
2 18 18
t 605 37.13178294573643
m 34 19
0 22 0
1 7 1
2 18 17
t 604 37.13178294573643
m 34 19
0 21 0
1 7 2
2 19 17
t 603 37.13178294573643
m 34 19
0 22 0
1 7 3
2 20 17
t 602 37.13178294573643
m 34 19
0 23 0
1 7 2
2 21 17
t 601 37.13178294573643
m 34 19
0 22 0
1 7 1
2 22 17
t 600 37.13178294573643
m 34 19
0 21 0
1 7 2
2 23 17
t 599 37.13178294573643
m 34 19
0 20 0
1 7 3
2 22 17
t 598 37.13178294573643
m 34 19
0 19 0
1 7 2
2 21 17
t 597 37.13178294573643
m 34 19
0 18 0
1 7 1
2 20 17
t 596 37.13178294573643
m 34 19
0 18 1
1 7 2
2 21 17
t 595 37.13178294573643
m 34 19
0 18 0
1 7 3
2 20 17
t 594 37.13178294573643
m 34 19
0 19 0
1 7 2
2 21 17
t 593 37.13178294573643
m 34 19
0 20 0
1 7 1
2 20 17
t 592 37.13178294573643
m 34 19
0 21 0
1 7 0
2 19 17
t 591 37.13178294573643
m 34 19
0 22 0
1 6 0
2 18 17
t 590 37.13178294573643
m 34 19
0 23 0
1 7 0
2 18 16
t 589 37.13178294573643
m 34 19
0 22 0
1 6 0
2 18 17
t 588 37.13178294573643
m 34 19
0 21 0
1 7 0
2 18 18
t 587 37.13178294573643
m 34 19
0 20 0
1 7 1
2 18 17
t 586 37.13178294573643
m 34 19
0 21 0
1 7 2
2 17 17
t 585 37.13178294573643
m 34 19
0 22 0
1 7 1
2 18 17
t 584 37.13178294573643
m 34 19
0 23 0
1 7 0
2 18 16
t 583 37.13178294573643
m 34 19
0 22 0
1 7 1
2 18 17
t 582 37.13178294573643
m 34 19
0 23 0
1 7 2
2 17 17
t 581 37.13178294573643
m 34 19
0 24 0
1 7 3
2 16 17
t 580 37.13178294573643
m 34 19
0 25 0
1 8 3
2 16 16
t 579 37.13178294573643
m 34 19
0 24 0
1 7 3
2 16 17
t 578 37.13178294573643
m 34 19
0 25 0
1 8 3
2 16 16
t 577 37.13178294573643
m 34 19
0 26 0
1 9 3
2 16 15
t 576 37.13178294573643
m 34 19
0 25 0
1 9 2
2 16 14
t 575 37.13178294573643
m 34 19
0 26 0
1 10 2
2 16 15
t 574 37.13178294573643
m 34 19
0 27 0
1 11 2
2 15 15
t 573 37.13178294573643
m 34 19
0 27 1
1 12 2
2 14 15
t 572 37.13178294573643
m 34 19
0 27 0
1 13 2
2 13 15
t 571 37.13178294573643
m 34 19
0 26 0
1 14 2
2 14 15
t 570 37.13178294573643
m 34 19
0 25 0
1 15 2
2 15 15
t 569 37.13178294573643
m 34 19
0 26 0
1 14 2
2 16 15
t 568 37.13178294573643
m 34 19
0 25 0
1 13 2
2 15 15
t 567 37.13178294573643
m 34 19
0 26 0
1 12 2
2 14 15
t 566 37.13178294573643
m 34 19
0 25 0
1 13 2
2 15 15
t 565 37.13178294573643
m 34 19
0 26 0
1 12 2
2 16 15
t 564 37.13178294573643
m 34 19
0 27 0
1 11 2
2 16 14
t 563 37.13178294573643
m 34 19
0 27 1
1 12 2
2 16 13
t 562 37.13178294573643
m 34 19
0 27 0
1 11 2
2 15 13
t 561 37.13178294573643
m 34 19
0 27 1
1 12 2
2 16 13
t 560 37.13178294573643
m 34 19
0 27 2
1 11 2
2 15 13
t 559 37.13178294573643
m 34 19
0 27 3
1 10 2
2 14 13
t 558 37.13178294573643
m 34 19
0 28 3
1 9 2
2 13 13
t 557 37.13178294573643
m 34 19
0 29 3
1 9 3
2 13 12
t 556 37.13178294573643
m 34 19
0 30 3
1 9 2
2 13 13
t 555 37.13178294573643
m 34 19
0 31 3
1 9 3
2 12 13
t 554 37.13178294573643
m 34 19
0 30 3
1 9 4
2 11 13
t 553 37.13178294573643
m 34 19
0 29 3
1 9 5
2 11 12
t 552 37.13178294573643
m 34 19
0 29 4
1 10 5
2 11 13
t 551 37.13178294573643
m 34 19
0 29 5
1 9 5
2 12 13
t 550 37.13178294573643
m 34 19
0 29 6
1 9 6
2 13 13
t 549 37.13178294573643
m 34 19
0 29 5
1 9 7
2 13 12
t 548 37.13178294573643
m 34 19
0 29 6
1 10 7
2 13 11
t 547 37.13178294573643
m 34 19
0 30 6
1 11 7
2 13 10
t 546 37.13178294573643
m 34 19
0 29 6
1 12 7
2 13 9
t 545 37.13178294573643
m 34 19
0 29 5
1 13 7
2 13 8
t 544 37.13178294573643
m 34 19
0 29 4
1 13 8
2 13 9
t 543 37.13178294573643
m 34 19
0 29 3
1 13 9
2 13 10
t 542 37.13178294573643
m 34 19
0 28 3
1 14 9
2 13 11
t 541 37.13178294573643
m 34 19
0 27 3
1 15 9
2 13 10
t 540 37.13178294573643
m 34 19
0 26 3
1 14 9
2 13 11
t 539 37.13178294573643
m 34 19
0 27 3
1 15 9
2 14 11
t 538 37.13178294573643
m 34 19
0 28 3
1 16 9
2 15 11
t 537 37.13178294573643
m 34 19
0 27 3
1 17 9
2 14 11
t 536 37.13178294573643
m 34 19
0 27 2
1 16 9
2 13 11
t 535 37.13178294573643
m 34 19
0 27 3
1 17 9
2 13 12
t 534 37.13178294573643
m 34 19
0 28 3
1 17 10
2 13 11
t 533 37.13178294573643
m 34 19
0 29 3
1 17 11
2 14 11
t 532 37.13178294573643
m 34 19
0 30 3
1 18 11
2 15 11
t 531 37.13178294573643
m 34 19
0 31 3
1 17 11
2 14 11
t 530 37.13178294573643
m 34 19
0 30 3
1 18 11
2 13 11
t 529 37.13178294573643
m 34 19
0 31 3
1 19 11
2 13 10
t 528 37.13178294573643
m 34 19
0 30 3
1 20 11
2 13 11
t 527 37.13178294573643
m 34 19
0 31 3
1 21 11
2 13 10
t 526 37.13178294573643
m 34 19
0 30 3
1 20 11
2 13 9
t 525 37.13178294573643
m 34 19
0 31 3
1 19 11
2 14 9
t 524 37.13178294573643
m 34 19
0 30 3
1 20 11
2 13 9
t 523 37.13178294573643
m 34 19
0 29 3
1 21 11
2 13 8
t 522 37.13178294573643
m 34 19
0 30 3
1 21 12
2 13 9
t 521 37.13178294573643
m 34 19
0 31 3
1 21 13
2 13 8
t 520 37.13178294573643
m 34 19
0 30 3
1 20 13
2 13 9
t 519 37.13178294573643
m 34 19
0 29 3
1 21 13
2 13 8
t 518 37.13178294573643
m 34 19
0 29 4
1 21 12
2 13 9
t 517 37.13178294573643
m 34 19
0 29 3
1 21 11
2 13 10
t 516 37.13178294573643
m 34 19
0 28 3
1 21 10
2 13 9
t 515 37.13178294573643
m 34 19
0 27 3
1 21 11
2 13 8
t 514 37.13178294573643
m 34 19
0 28 3
1 21 10
2 13 9
t 513 37.13178294573643
m 34 19
0 27 3
1 21 11
2 13 8
t 512 37.13178294573643
m 34 19
0 26 3
1 20 11
2 13 7
t 511 37.13178294573643
m 34 19
0 25 3
1 21 11
2 13 8
t 510 37.13178294573643
m 34 19
0 26 3
1 21 12
2 13 7
t 509 37.13178294573643
m 34 19
0 27 3
1 21 13
2 13 8
t 508 37.13178294573643
m 34 19
0 27 2
1 21 12
2 13 7
t 507 37.13178294573643
m 34 19
0 27 1
1 21 11
2 12 7
t 506 37.13178294573643
m 34 19
0 27 2
1 20 11
2 11 7
t 505 37.13178294573643
m 34 19
0 27 3
1 19 11
2 11 8
t 504 37.13178294573643
m 34 19
0 27 2
1 20 11
2 11 7
t 503 37.13178294573643
m 34 19
0 27 3
1 19 11
2 11 8
t 502 37.13178294573643
m 34 19
0 27 2
1 20 11
2 11 7
t 501 37.13178294573643
m 34 19
0 27 1
1 21 11
2 12 7
t 500 37.13178294573643
m 34 19
0 27 0
1 21 10
2 13 7
t 499 37.13178294573643
m 34 19
0 27 1
1 21 9
2 12 7
t 498 37.13178294573643
m 34 19
0 27 2
1 21 8
2 11 7
t 497 37.13178294573643
m 34 19
0 27 3
1 21 9
2 11 8
t 496 37.13178294573643
m 34 19
0 26 3
1 20 9
2 11 7
t 495 37.13178294573643
m 34 19
0 25 3
1 21 9
2 11 8
t 494 37.13178294573643
m 34 19
0 26 3
1 21 8
2 11 9
t 493 37.13178294573643
m 34 19
0 25 3
1 21 7
2 11 10
t 492 37.13178294573643
m 34 19
0 26 3
1 22 7
2 11 9
t 491 37.13178294573643
m 34 19
0 25 3
1 21 7
2 10 9
t 490 37.13178294573643
m 34 19
0 26 3
1 21 8
2 11 9
t 489 37.13178294573643
m 34 19
0 25 3
1 21 9
2 11 10
t 488 37.13178294573643
m 34 19
0 25 4
1 21 8
2 11 11
t 487 37.13178294573643
m 34 19
0 25 5
1 21 7
2 11 12
t 486 37.13178294573643
m 34 19
0 25 4
1 21 8
2 11 11
t 485 37.13178294573643
m 34 19
0 25 5
1 21 9
2 10 11
t 484 37.13178294573643
m 34 19
0 25 4
1 21 10
2 9 11
t 483 37.13178294573643
m 34 19
0 25 5
1 21 9
2 8 11
t 482 37.13178294573643
m 34 19
0 24 5
1 21 8
2 9 11
t 481 37.13178294573643
m 34 19
0 25 5
1 21 9
2 10 11
t 480 37.13178294573643
m 34 19
0 24 5
1 20 9
2 11 11
t 479 37.13178294573643
m 34 19
0 23 5
1 21 9
2 11 10
t 478 37.13178294573643
m 34 19
0 22 5
1 20 9
2 11 11
t 477 37.13178294573643
m 34 19
0 21 5
1 19 9
2 11 10
t 476 37.13178294573643
m 34 19
0 21 4
1 18 9
2 11 9
t 475 37.13178294573643
m 34 19
0 20 4
1 19 9
2 10 9
t 474 37.13178294573643
m 34 19
0 19 4
1 18 9
2 9 9
t 473 37.13178294573643
m 34 19
0 18 4
1 17 9
2 10 9
t 472 37.13178294573643
m 34 19
0 17 4
1 16 9
2 11 9
t 471 37.13178294573643
m 34 19
0 18 4
1 15 9
2 11 8
t 470 37.13178294573643
m 34 19
0 17 4
1 16 9
2 11 9
t 469 37.13178294573643
m 34 19
0 17 5
1 15 9
2 10 9
t 468 37.13178294573643
m 34 19
0 17 6
1 16 9
2 9 9
t 467 37.13178294573643
m 34 19
0 17 7
1 17 9
2 10 9
t 466 37.13178294573643
m 34 19
0 18 7
1 17 10
2 11 9
t 465 37.13178294573643
m 34 19
0 17 7
1 17 9
2 11 8
t 464 37.13178294573643
m 34 19
0 18 7
1 17 10
2 11 9
t 463 37.13178294573643
m 34 19
0 19 7
1 17 11
2 11 8
t 462 37.13178294573643
m 34 19
0 20 7
1 17 10
2 11 9
t 461 37.13178294573643
m 34 19
0 19 7
1 17 11
2 11 8
t 460 37.13178294573643
m 34 19
0 20 7
1 16 11
2 11 7
t 459 37.13178294573643
m 34 19
0 19 7
1 17 11
2 12 7
t 458 37.13178294573643
m 34 19
0 20 7
1 16 11
2 11 7
t 457 37.13178294573643
m 34 19
0 21 7
1 15 11
2 10 7
t 456 37.13178294573643
m 34 19
0 21 8
1 16 11
2 11 7
t 455 37.13178294573643
m 34 19
0 21 9
1 15 11
2 11 8
t 454 37.13178294573643
m 34 19
0 20 9
1 16 11
2 11 9
t 453 37.13178294573643
m 34 19
0 21 9
1 17 11
2 11 8
t 452 37.13178294573643
m 34 19
0 20 9
1 18 11
2 11 9
t 451 37.13178294573643
m 34 19
0 19 9
1 19 11
2 10 9
t 450 37.13178294573643
m 34 19
0 18 9
1 20 11
2 11 9
t 449 37.13178294573643
m 34 19
0 17 9
1 21 11
2 10 9
t 448 37.13178294573643
m 34 19
0 17 10
1 20 11
2 9 9
t 447 37.13178294573643
m 34 19
0 17 9
1 21 11
2 8 9
t 446 37.13178294573643
m 34 19
0 18 9
1 21 10
2 7 9
t 445 37.13178294573643
m 34 19
0 17 9
1 21 9
2 8 9
t 444 37.13178294573643
m 34 19
0 18 9
1 20 9
2 9 9
t 443 37.13178294573643
m 34 19
0 19 9
1 21 9
2 10 9
t 442 37.13178294573643
m 34 19
0 18 9
1 21 10
2 11 9
t 441 37.13178294573643
m 34 19
0 17 9
1 21 9
2 10 9
t 440 37.13178294573643
m 34 19
0 17 10
1 21 8
2 9 9
t 439 37.13178294573643
m 34 19
0 17 11
1 21 9
2 10 9
t 438 37.13178294573643
m 34 19
0 17 10
1 20 9
2 9 9
t 437 37.13178294573643
m 34 19
0 17 11
1 19 9
2 8 9
t 436 37.13178294573643
m 34 19
0 18 11
1 18 9
2 9 9
t 435 37.13178294573643
m 34 19
0 19 11
1 19 9
2 8 9
t 434 37.13178294573643
m 34 19
0 20 11
1 20 9
2 9 9
t 433 37.13178294573643
m 34 19
0 21 11
1 19 9
2 10 9
t 432 37.13178294573643
m 34 19
0 21 10
1 20 9
2 11 9
t 431 37.13178294573643
m 34 19
0 21 9
1 21 9
2 11 8
t 430 37.13178294573643
m 34 19
0 21 10
1 21 10
2 11 7
t 429 37.13178294573643
m 34 19
0 21 9
1 21 11
2 11 8
t 428 37.13178294573643
m 34 19
0 20 9
1 21 12
2 11 7
t 427 37.13178294573643
m 34 19
0 19 9
1 21 13
2 10 7
t 426 37.13178294573643
m 34 19
0 20 9
1 22 13
2 9 7
t 425 37.13178294573643
m 34 19
0 19 9
1 21 13
2 9 6
t 424 37.13178294573643
m 34 19
0 18 9
1 21 12
2 8 6
t 423 37.13178294573643
m 34 19
0 19 9
1 21 11
2 7 6
t 422 37.13178294573643
m 34 19
0 18 9
1 21 12
2 6 6
t 421 37.13178294573643
m 34 19
0 17 9
1 21 13
2 5 6
t 420 37.13178294573643
m 34 19
0 17 10
1 22 13
2 5 5
t 419 37.13178294573643
m 34 19
0 17 11
1 21 13
2 5 4
t 418 37.13178294573643
m 34 19
0 18 11
1 20 13
2 5 5
t 417 37.13178294573643
m 34 19
0 17 11
1 21 13
2 5 6
t 416 37.13178294573643
m 34 19
0 17 10
1 20 13
2 5 5
t 415 37.13178294573643
m 34 19
0 17 9
1 21 13
2 5 4
t 414 37.13178294573643
m 34 19
0 18 9
1 21 12
2 5 5
t 413 37.13178294573643
m 34 19
0 19 9
1 21 11
2 5 4
t 412 37.13178294573643
m 34 19
0 18 9
1 21 10
2 5 3
t 411 37.13178294573643
m 34 19
0 17 9
1 21 9
2 4 3
t 410 37.13178294573643
m 34 19
0 16 9
1 21 8
2 5 3
t 409 37.13178294573643
m 34 19
0 17 9
1 21 7
2 6 3
t 408 37.13178294573643
m 34 19
0 16 9
1 20 7
2 7 3
t 407 37.13178294573643
m 34 19
0 15 9
1 19 7
2 7 2
t 406 37.13178294573643
m 34 19
0 14 9
1 18 7
2 7 1
t 405 37.13178294573643
m 34 19
0 13 9
1 19 7
2 7 2
t 404 37.13178294573643
m 34 19
0 13 10
1 20 7
2 7 1
t 403 37.13178294573643
m 34 19
0 13 9
1 21 7
2 7 2
t 402 37.13178294573643
m 34 19
0 13 10
1 22 7
2 7 1
t 401 37.13178294573643
m 34 19
0 13 9
1 21 7
2 7 2
t 400 37.13178294573643
m 34 19
0 13 10
1 20 7
2 7 1
t 399 37.13178294573643
m 34 19
0 13 11
1 19 7
2 7 2
t 398 37.13178294573643
m 34 19
0 14 11
1 20 7
2 7 3
t 397 37.13178294573643
m 34 19
0 13 11
1 19 7
2 7 2
t 396 37.13178294573643
m 34 19
0 14 11
1 20 7
2 7 1
t 395 37.13178294573643
m 34 19
0 15 11
1 19 7
2 7 0
t 394 37.13178294573643
m 34 19
0 14 11
1 18 7
2 8 0
t 393 37.13178294573643
m 34 19
0 13 11
1 17 7
2 9 0
t 392 37.13178294573643
m 34 19
0 13 10
1 17 6
2 8 0
t 391 37.13178294573643
m 34 19
0 13 11
1 17 7
2 9 0
t 390 37.13178294573643
m 34 19
0 14 11
1 17 6
2 8 0
t 389 37.13178294573643
m 34 19
0 13 11
1 17 7
2 9 0
t 388 37.13178294573643
m 34 19
0 14 11
1 16 7
2 10 0
t 387 37.13178294573643
m 34 19
0 13 11
1 17 7
2 9 0
t 386 37.13178294573643
m 34 19
0 13 12
1 18 7
2 8 0
t 385 37.13178294573643
m 34 19
0 13 13
1 17 7
2 7 0
t 384 37.13178294573643
m 34 19
0 14 13
1 16 7
2 6 0
t 383 37.13178294573643
m 34 19
0 15 13
1 17 7
2 7 0
t 382 37.13178294573643
m 34 19
0 16 13
1 16 7
2 6 0
t 381 37.13178294573643
m 34 19
0 16 14
1 17 7
2 5 0
t 380 37.13178294573643
m 34 19
0 17 14
1 18 7
2 4 0
t 379 37.13178294573643
m 34 19
0 16 14
1 17 7
2 5 0
t 378 37.13178294573643
m 34 19
0 16 15
1 16 7
2 4 0
t 377 37.13178294573643
m 34 19
0 15 15
1 15 7
2 5 0
t 376 37.13178294573643
m 34 19
0 16 15
1 16 7
2 6 0
t 375 37.13178294573643
m 34 19
0 16 16
1 15 7
2 7 0
t 374 37.13178294573643
m 34 19
0 16 17
1 14 7
2 7 1
t 373 37.13178294573643
m 34 19
0 15 17
1 13 7
2 7 2
t 372 37.13178294573643
m 34 19
0 14 17
1 13 8
2 7 1
t 371 37.13178294573643
m 34 19
0 15 17
1 13 9
2 7 0
t 370 37.13178294573643
m 34 19
0 14 17
1 13 10
2 7 1
t 369 37.13178294573643
m 34 19
0 15 17
1 13 11
2 7 2
t 368 37.13178294573643
m 34 19
0 16 17
1 14 11
2 7 1
t 367 37.13178294573643
m 34 19
0 16 18
1 13 11
2 7 2
t 366 37.13178294573643
m 34 19
0 16 17
1 13 12
2 7 1
t 365 37.13178294573643
m 34 19
0 15 17
1 13 13
2 7 0
t 364 37.13178294573643
m 34 19
0 16 17
1 12 13
2 6 0
t 363 37.13178294573643
m 34 19
0 16 18
1 11 13
2 7 0
t 362 37.13178294573643
m 34 19
0 16 17
1 10 13
2 6 0
t 361 37.13178294573643
m 34 19
0 16 16
1 9 13
2 7 0
t 360 37.13178294573643
m 34 19
0 16 15
1 10 13
2 6 0
t 359 37.13178294573643
m 34 19
0 16 14
1 11 13
2 7 0
t 358 37.13178294573643
m 34 19
0 16 15
1 12 13
2 8 0
t 357 37.13178294573643
m 34 19
0 15 15
1 13 13
2 9 0
t 356 37.13178294573643
m 34 19
0 14 15
1 14 13
2 10 0
t 355 37.13178294573643
m 34 19
0 15 15
1 15 13
2 11 0
t 354 37.13178294573643
m 34 19
0 16 15
1 14 13
2 10 0
t 353 37.13178294573643
m 34 19
0 16 16
1 15 13
2 11 0
t 352 37.13178294573643
m 34 19
0 16 15
1 16 13
2 12 0
t 351 37.13178294573643
m 34 19
0 16 14
1 16 14
2 13 0
t 350 37.13178294573643
m 34 19
0 16 15
1 17 14
2 12 0
t 349 37.13178294573643
m 34 19
0 16 14
1 18 14
2 11 0
t 348 37.13178294573643
m 34 19
0 17 14
1 18 13
2 10 0
t 347 37.13178294573643
m 34 19
0 16 14
1 19 13
2 9 0
t 346 37.13178294573643
m 34 19
0 16 13
1 20 13
2 8 0
t 345 37.13178294573643
m 34 19
0 16 14
1 21 13
2 9 0
t 344 37.13178294573643
m 34 19
0 17 14
1 21 12
2 10 0
t 343 37.13178294573643
m 34 19
0 16 14
1 21 13
2 11 0
t 342 37.13178294573643
m 34 19
0 17 14
1 22 13
2 10 0
t 341 37.13178294573643
m 34 19
0 16 14
1 21 13
2 9 0
t 340 37.13178294573643
m 34 19
0 17 14
1 22 13
2 10 0
t 339 37.13178294573643
m 34 19
0 18 14
1 21 13
2 9 0
t 338 37.13178294573643
m 34 19
0 18 15
1 20 13
2 8 0
t 337 37.13178294573643
m 34 19
0 18 14
1 19 13
2 9 0
t 336 37.13178294573643
m 34 19
0 18 15
1 18 13
2 8 0
t 335 37.13178294573643
m 34 19
0 18 16
1 18 14
2 7 0
t 334 37.13178294573643
m 34 19
0 18 17
1 18 15
2 7 1
t 333 37.13178294573643
m 34 19
0 17 17
1 19 15
2 7 2
t 332 37.13178294573643
m 34 19
0 16 17
1 18 15
2 7 3
t 331 37.13178294573643
m 34 19
0 16 18
1 18 14
2 7 2
t 330 37.13178294573643
m 34 19
0 16 17
1 17 14
2 7 3
t 329 37.13178294573643
m 34 19
0 16 18
1 16 14
2 7 2
t 328 37.13178294573643
m 34 19
0 16 19
1 17 14
2 7 1
t 327 37.13178294573643
m 34 18
0 15 19
1 18 14
2 7 0
t 326 37.13178294573643
m 34 18
0 14 19
1 18 13
2 8 0
t 325 37.13178294573643
m 34 18
0 15 19
1 18 14
2 9 0
t 324 37.13178294573643
m 34 18
0 16 19
1 18 13
2 10 0
t 323 37.13178294573643
m 34 17
0 15 19
1 18 14
2 11 0
t 322 37.906976744186046
m 34 18
0 14 19
1 18 15
2 10 0
t 321 37.906976744186046
m 34 19
0 15 19
1 18 14
2 9 0
t 320 37.906976744186046
m 34 18
0 16 19
1 18 15
2 8 0
t 319 37.906976744186046
m 34 18
0 16 18
1 18 16
2 9 0
t 318 37.906976744186046
m 34 19
0 16 19
1 18 17
2 8 0
t 317 37.906976744186046
m 34 19
0 15 19
1 17 17
2 7 0
t 316 37.906976744186046
m 34 19
0 14 19
1 18 17
2 6 0
t 315 37.906976744186046
m 34 19
0 13 19
1 17 17
2 7 0
t 314 37.906976744186046
m 34 19
0 12 19
1 16 17
2 8 0
t 313 37.906976744186046
m 34 19
0 11 19
1 15 17
2 7 0
t 312 37.906976744186046
m 34 19
0 10 19
1 14 17
2 6 0
t 311 37.906976744186046
m 34 19
0 11 19
1 15 17
2 7 0
t 310 37.906976744186046
m 34 19
0 10 19
1 14 17
2 8 0
t 309 37.906976744186046
m 34 19
0 9 19
1 13 17
2 9 0
t 308 37.906976744186046
m 34 19
0 8 19
1 14 17
2 10 0
t 307 37.906976744186046
m 34 19
0 7 19
1 15 17
2 9 0
t 306 37.906976744186046
m 34 19
0 8 19
1 16 17
2 8 0
t 305 37.906976744186046
m 34 19
0 7 19
1 16 16
2 9 0
t 304 37.906976744186046
m 34 19
0 8 19
1 16 17
2 8 0
t 303 37.906976744186046
m 34 19
0 9 19
1 16 18
2 9 0
t 302 37.906976744186046
m 34 19
0 8 19
1 16 17
2 8 0
t 301 37.906976744186046
m 34 19
0 7 19
1 16 16
2 7 0
t 300 37.906976744186046
m 34 19
0 6 19
1 16 17
2 8 0
t 299 37.906976744186046
m 34 19
0 7 19
1 16 16
2 7 0
t 298 37.906976744186046
m 34 19
0 7 18
1 16 15
2 7 1
t 297 37.906976744186046
m 34 19
0 7 19
1 15 15
2 7 2
t 296 37.906976744186046
m 34 19
0 6 19
1 14 15
2 7 3
t 295 37.906976744186046
m 34 19
0 7 19
1 13 15
2 7 2
t 294 37.906976744186046
m 34 19
0 6 19
1 12 15
2 7 1
t 293 37.906976744186046
m 34 19
0 5 19
1 11 15
2 7 2
t 292 37.906976744186046
m 34 19
0 4 19
1 10 15
2 7 3
t 291 37.906976744186046
m 34 19
0 3 19
1 9 15
2 8 3
t 290 37.906976744186046
m 34 19
0 4 19
1 8 15
2 9 3
t 289 37.906976744186046
m 34 19
0 3 19
1 8 14
2 9 4
t 288 37.906976744186046
m 34 19
0 2 19
1 8 13
2 9 3
t 287 37.906976744186046
m 34 19
0 3 19
1 8 14
2 8 3
t 286 37.906976744186046
m 34 19
0 4 19
1 8 13
2 9 3
t 285 37.906976744186046
m 34 18
0 5 19
1 8 14
2 8 3
t 284 37.906976744186046
m 34 18
0 6 19
1 8 15
2 7 3
t 283 37.906976744186046
m 34 18
0 5 19
1 8 14
2 7 2
t 282 37.906976744186046
m 34 18
0 6 19
1 8 13
2 7 3
t 281 37.906976744186046
m 34 17
0 5 19
1 9 13
2 6 3
t 280 37.906976744186046
m 34 18
0 6 19
1 8 13
2 5 3
t 279 37.906976744186046
m 34 17
0 7 19
1 8 14
2 4 3
t 278 37.906976744186046
m 34 17
0 8 19
1 8 13
2 5 3
t 277 37.906976744186046
m 34 16
0 9 19
1 8 14
2 4 3
t 276 37.906976744186046
m 34 16
0 10 19
1 8 15
2 3 3
t 275 37.906976744186046
m 34 16
0 9 19
1 8 14
2 4 3
t 274 37.906976744186046
m 34 16
0 8 19
1 8 15
2 3 3
t 273 37.906976744186046
m 34 17
0 9 19
1 8 14
2 2 3
t 272 37.906976744186046
m 34 16
0 10 19
1 8 15
2 1 3
t 271 37.906976744186046
m 34 16
0 9 19
1 9 15
2 0 3
t 270 37.906976744186046
m 34 17
0 8 19
1 10 15
2 0 2
t 269 37.906976744186046
m 34 18
0 9 19
1 11 15
2 0 1
t 268 37.906976744186046
m 34 18
0 8 19
1 12 15
2 0 0
t 267 37.906976744186046
m 34 19
0 9 19
1 11 15
2 0 1
t 266 37.906976744186046
m 34 18
0 10 19
1 12 15
2 0 0
t 265 37.906976744186046
m 34 18
0 9 19
1 12 16
2 1 0
t 264 37.906976744186046
m 34 19
0 10 19
1 12 15
2 0 0
t 263 37.906976744186046
m 34 18
0 9 19
1 13 15
2 0 1
t 262 37.906976744186046
m 34 19
0 8 19
1 14 15
2 0 0
t 261 37.906976744186046
m 34 19
0 9 19
1 15 15
2 0 1
t 260 37.906976744186046
m 34 19
0 10 19
1 14 15
2 0 2
t 259 37.906976744186046
m 34 19
0 9 19
1 15 15
2 0 3
t 258 37.906976744186046
m 34 19
0 10 19
1 14 15
2 1 3
t 257 37.906976744186046
m 34 19
0 9 19
1 15 15
2 0 3
t 256 37.906976744186046
m 34 19
0 10 19
1 14 15
2 1 3
t 255 37.906976744186046
m 34 19
0 11 19
1 15 15
2 2 3
t 254 37.906976744186046
m 34 19
0 10 19
1 16 15
2 1 3
t 253 37.906976744186046
m 34 19
0 11 19
1 15 15
2 2 3
t 252 37.906976744186046
m 34 19
0 12 19
1 16 15
2 3 3
t 251 37.906976744186046
m 34 19
0 13 19
1 16 16
2 2 3
t 250 37.906976744186046
m 34 19
0 14 19
1 16 15
2 3 3
t 249 37.906976744186046
m 34 18
0 13 19
1 15 15
2 4 3
t 248 37.906976744186046
m 34 18
0 12 19
1 14 15
2 5 3
t 247 37.906976744186046
m 34 18
0 11 19
1 13 15
2 6 3
t 246 37.906976744186046
m 34 18
0 12 19
1 12 15
2 5 3
t 245 37.906976744186046
m 34 17
0 13 19
1 12 16
2 5 4
t 244 37.906976744186046
m 34 17
0 12 19
1 12 15
2 5 3
t 243 37.906976744186046
m 34 17
0 11 19
1 13 15
2 4 3
t 242 37.906976744186046
m 34 18
0 10 19
1 12 15
2 3 3
t 241 37.906976744186046
m 34 18
0 11 19
1 11 15
2 2 3
t 240 37.906976744186046
m 34 17
0 10 19
1 12 15
2 1 3
t 239 37.906976744186046
m 34 18
0 9 19
1 13 15
2 0 3
t 238 37.906976744186046
m 34 19
0 8 19
1 12 15
2 1 3
t 237 37.906976744186046
m 34 19
0 9 19
1 11 15
2 2 3
t 236 37.906976744186046
m 34 18
0 10 19
1 10 15
2 3 3
t 235 37.906976744186046
m 34 17
0 11 19
1 11 15
2 4 3
t 234 37.906976744186046
m 34 17
0 10 19
1 10 15
2 3 3
t 233 37.906976744186046
m 34 17
0 9 19
1 11 15
2 2 3
t 232 37.906976744186046
m 34 18
0 8 19
1 12 15
2 1 3
t 231 37.906976744186046
m 34 19
0 7 19
1 11 15
2 2 3
t 230 37.906976744186046
m 34 19
0 6 19
1 12 15
2 3 3
t 229 37.906976744186046
m 34 19
0 7 19
1 12 16
2 4 3
t 228 37.906976744186046
m 34 19
0 7 18
1 12 15
2 3 3
t 227 37.906976744186046
m 34 19
0 7 17
1 13 15
2 4 3
t 226 37.906976744186046
m 34 19
0 8 17
1 12 15
2 3 3
t 225 37.906976744186046
m 34 19
0 7 17
1 13 15
2 2 3
t 224 37.906976744186046
m 34 19
0 6 17
1 12 15
2 1 3
t 223 37.906976744186046
m 34 19
0 5 17
1 12 16
2 0 3
t 222 37.906976744186046
m 34 19
0 4 17
1 12 17
2 0 2
t 221 37.906976744186046
m 34 19
0 5 17
1 12 16
2 0 3
t 220 37.906976744186046
m 34 19
0 6 17
1 12 15
2 0 2
t 219 37.906976744186046
m 34 19
0 5 17
1 12 16
2 0 1
t 218 37.906976744186046
m 34 19
0 6 17
1 12 15
2 0 2
t 217 37.906976744186046
m 34 19
0 5 17
1 11 15
2 0 1
t 216 37.906976744186046
m 34 19
0 6 17
1 12 15
2 0 2
t 215 37.906976744186046
m 34 19
0 5 17
1 13 15
2 0 3
t 214 37.906976744186046
m 34 19
0 6 17
1 12 15
2 0 2
t 213 37.906976744186046
m 34 19
0 5 17
1 12 16
2 0 1
t 212 37.906976744186046
m 34 19
0 4 17
1 12 17
2 0 2
t 211 37.906976744186046
m 34 19
0 5 17
1 12 16
2 0 3
t 210 37.906976744186046
m 34 19
0 6 17
1 12 15
2 0 4
t 209 37.906976744186046
m 34 19
0 5 17
1 11 15
2 0 5
t 208 37.906976744186046
m 34 19
0 4 17
1 10 15
2 0 6
t 207 37.906976744186046
m 34 19
0 3 17
1 9 15
2 0 7
t 206 37.906976744186046
m 34 19
0 2 17
1 8 15
2 0 6
t 205 37.906976744186046
m 34 19
0 2 16
1 9 15
2 0 5
t 204 37.906976744186046
m 34 19
0 2 17
1 8 15
2 0 4
t 203 37.906976744186046
m 34 19
0 3 17
1 7 15
2 0 3
t 202 37.906976744186046
m 34 19
0 4 17
1 6 15
2 0 4
t 201 37.906976744186046
m 34 19
0 3 17
1 7 15
2 0 5
t 200 37.906976744186046
m 34 19
0 4 17
1 6 15
2 0 4
t 199 37.906976744186046
m 34 19
0 5 17
1 5 15
2 0 5
t 198 37.906976744186046
m 34 19
0 4 17
1 4 15
2 0 6
t 197 37.906976744186046
m 34 19
0 3 17
1 3 15
2 0 5
t 196 37.906976744186046
m 34 19
0 4 17
1 4 15
2 0 4
t 195 37.906976744186046
m 34 19
0 5 17
1 5 15
2 0 5
t 194 37.906976744186046
m 34 19
0 6 17
1 4 15
2 0 6
t 193 37.906976744186046
m 34 19
0 7 17
1 5 15
2 0 5
t 192 37.906976744186046
m 34 19
0 6 17
1 6 15
2 0 6
t 191 37.906976744186046
m 34 19
0 7 17
1 5 15
2 0 5
t 190 37.906976744186046
m 34 19
0 8 17
1 6 15
2 0 4
t 189 37.906976744186046
m 34 19
0 7 17
1 7 15
2 0 3
t 188 37.906976744186046
m 34 19
0 8 17
1 8 15
2 0 4
t 187 37.906976744186046
m 34 19
0 7 17
1 8 14
2 0 3
t 186 37.906976744186046
m 34 19
0 8 17
1 8 13
2 1 3
t 185 37.906976744186046
m 34 19
0 9 17
1 7 13
2 2 3
t 184 37.906976744186046
m 34 19
0 8 17
1 6 13
2 3 3
t 183 37.906976744186046
m 34 19
0 9 17
1 5 13
2 4 3
t 182 37.906976744186046
m 34 19
0 10 17
1 6 13
2 3 3
t 181 37.906976744186046
m 34 19
0 9 17
1 5 13
2 2 3
t 180 37.906976744186046
m 34 19
0 10 17
1 6 13
2 3 3
t 179 37.906976744186046
m 34 19
0 9 17
1 5 13
2 2 3
t 178 37.906976744186046
m 34 19
0 8 17
1 6 13
2 1 3
t 177 37.906976744186046
m 34 19
0 7 17
1 5 13
2 0 3
t 176 37.906976744186046
m 34 19
0 7 18
1 4 13
2 0 2
t 175 37.906976744186046
m 34 19
0 7 17
1 3 13
2 0 1
t 174 37.906976744186046
m 34 19
0 8 17
1 4 13
2 0 0
t 173 37.906976744186046
m 34 19
0 7 17
1 3 13
2 0 1
t 172 37.906976744186046
m 34 19
0 7 18
1 4 13
2 0 0
t 171 37.906976744186046
m 34 19
0 7 17
1 3 13
2 0 1
t 170 37.906976744186046
m 34 19
0 7 18
1 2 13
2 0 2
t 169 37.906976744186046
m 34 19
0 7 17
1 2 12
2 0 3
t 168 37.906976744186046
m 34 19
0 8 17
1 2 13
2 0 4
t 167 37.906976744186046
m 34 19
0 9 17
1 3 13
2 0 5
t 166 37.906976744186046
m 34 19
0 8 17
1 4 13
2 0 6
t 165 37.906976744186046
m 34 19
0 9 17
1 5 13
2 0 5
t 164 37.906976744186046
m 34 19
0 10 17
1 6 13
2 0 6
t 163 37.906976744186046
m 34 19
0 9 17
1 7 13
2 0 7
t 162 37.906976744186046
m 34 19
0 8 17
1 6 13
2 0 8
t 161 37.906976744186046
m 34 19
0 9 17
1 7 13
2 0 7
t 160 37.906976744186046
m 34 19
0 10 17
1 8 13
2 0 8
t 159 37.906976744186046
m 34 19
0 11 17
1 8 14
2 0 7
t 158 37.906976744186046
m 34 19
0 10 17
1 8 15
2 0 8
t 157 37.906976744186046
m 34 19
0 9 17
1 7 15
2 0 7
t 156 37.906976744186046
m 34 19
0 10 17
1 6 15
2 0 6
t 155 37.906976744186046
m 34 19
0 9 17
1 5 15
2 0 7
t 154 37.906976744186046
m 34 19
0 10 17
1 6 15
2 0 8
t 153 37.906976744186046
m 34 19
0 11 17
1 7 15
2 1 8
t 152 37.906976744186046
m 34 19
0 10 17
1 6 15
2 0 8
t 151 37.906976744186046
m 34 19
0 9 17
1 5 15
2 0 7
t 150 37.906976744186046
m 34 19
0 10 17
1 6 15
2 0 6
t 149 37.906976744186046
m 34 19
0 9 17
1 7 15
2 0 7
t 148 37.906976744186046
m 34 19
0 10 17
1 8 15
2 0 8
t 147 37.906976744186046
m 34 19
0 9 17
1 8 14
2 0 7
t 146 37.906976744186046
m 34 19
0 10 17
1 8 13
2 0 8
t 145 37.906976744186046
m 34 19
0 9 17
1 8 14
2 1 8
t 144 37.906976744186046
m 34 19
0 8 17
1 8 13
2 0 8
t 143 37.906976744186046
m 34 19
0 9 17
1 9 13
2 1 8
t 142 37.906976744186046
m 34 19
0 8 17
1 8 13
2 2 8
t 141 37.906976744186046
m 34 19
0 9 17
1 9 13
2 1 8
t 140 37.906976744186046
m 34 19
0 10 17
1 8 13
2 2 8
t 139 37.906976744186046
m 34 19
0 11 17
1 8 14
2 1 8
t 138 37.906976744186046
m 34 19
0 10 17
1 8 13
2 2 8
t 137 37.906976744186046
m 34 19
0 9 17
1 7 13
2 1 8
t 136 37.906976744186046
m 34 19
0 8 17
1 6 13
2 2 8
t 135 37.906976744186046
m 34 19
0 9 17
1 5 13
2 1 8
t 134 37.906976744186046
m 34 19
0 8 17
1 4 13
2 2 8
t 133 37.906976744186046
m 34 19
0 7 17
1 3 13
2 1 8
t 132 37.906976744186046
m 34 19
0 6 17
1 2 13
2 0 8
t 131 37.906976744186046
m 34 19
0 7 17
1 2 12
2 0 7
t 130 37.906976744186046
m 34 19
0 8 17
1 2 13
2 0 8
t 129 37.906976744186046
m 34 19
0 7 17
1 3 13
2 0 7
t 128 37.906976744186046
m 34 19
0 8 17
1 4 13
2 0 8
t 127 37.906976744186046
m 34 19
0 7 17
1 3 13
2 0 7
t 126 37.906976744186046
m 34 19
0 6 17
1 4 13
2 0 6
t 125 37.906976744186046
m 34 19
0 7 17
1 5 13
2 0 7
t 124 37.906976744186046
m 34 19
0 8 17
1 6 13
2 0 8
t 123 37.906976744186046
m 34 19
0 9 17
1 5 13
2 1 8
t 122 37.906976744186046
m 34 19
0 10 17
1 6 13
2 0 8
t 121 37.906976744186046
m 34 19
0 11 17
1 7 13
2 0 7
t 120 37.906976744186046
m 34 19
0 12 17
1 8 13
2 0 6
t 119 37.906976744186046
m 34 19
0 12 16
1 8 14
2 0 7
t 118 37.906976744186046
m 34 19
0 12 17
1 8 15
2 0 8
t 117 37.906976744186046
m 34 19
0 13 17
1 8 14
2 0 7
t 116 37.906976744186046
m 34 19
0 14 17
1 8 15
2 0 6
t 115 37.906976744186046
m 34 19
0 13 17
1 8 14
2 0 7
t 114 37.906976744186046
m 34 19
0 14 17
1 8 13
2 0 8
t 113 37.906976744186046
m 34 19
0 15 17
1 8 14
2 1 8
t 112 37.906976744186046
m 34 19
0 16 17
1 8 13
2 2 8
t 111 37.906976744186046
m 34 19
0 17 17
1 7 13
2 1 8
t 110 37.906976744186046
m 34 19
0 16 17
1 6 13
2 0 8
t 109 37.906976744186046
m 34 19
0 16 18
1 7 13
2 0 7
t 108 37.906976744186046
m 34 19
0 16 17
1 8 13
2 0 6
t 107 37.906976744186046
m 34 19
0 16 16
1 9 13
2 0 7
t 106 37.906976744186046
m 34 19
0 16 15
1 8 13
2 0 8
t 105 37.906976744186046
m 34 19
0 16 14
1 7 13
2 1 8
t 104 37.906976744186046
m 34 19
0 17 14
1 8 13
2 2 8
t 103 37.906976744186046
m 34 19
0 16 14
1 8 14
2 3 8
t 102 37.906976744186046
m 34 19
0 16 13
1 8 13
2 3 9
t 101 37.906976744186046
m 34 19
0 16 14
1 9 13
2 3 10
t 100 37.906976744186046
m 34 19
0 16 13
1 10 13
2 3 11
t 99 37.906976744186046
m 34 19
0 16 14
1 11 13
2 4 11
t 98 37.906976744186046
m 34 19
0 16 13
1 10 13
2 5 11
t 97 37.906976744186046
m 34 19
0 15 13
1 11 13
2 4 11
t 96 37.906976744186046
m 34 19
0 16 13
1 11 12
2 5 11
t 95 37.906976744186046
m 34 19
0 15 13
1 11 13
2 6 11
t 94 37.906976744186046
m 34 19
0 16 13
1 11 12
2 7 11
t 93 37.906976744186046
m 34 19
0 16 14
1 11 13
2 8 11
t 92 37.906976744186046
m 34 19
0 16 15
1 10 13
2 9 11
t 91 37.906976744186046
m 34 19
0 15 15
1 11 13
2 10 11
t 90 37.906976744186046
m 34 19
0 14 15
1 12 13
2 11 11
t 89 37.906976744186046
m 34 19
0 15 15
1 13 13
2 11 10
t 88 37.906976744186046
m 34 19
0 14 15
1 12 13
2 11 11
t 87 37.906976744186046
m 34 19
0 13 15
1 13 13
2 11 12
t 86 37.906976744186046
m 34 19
0 12 15
1 13 12
2 11 13
t 85 37.906976744186046
m 34 19
0 13 15
1 13 13
2 12 13
t 84 37.906976744186046
m 34 19
0 12 15
1 13 12
2 11 13
t 83 37.906976744186046
m 34 19
0 13 15
1 13 13
2 11 12
t 82 37.906976744186046
m 34 19
0 14 15
1 12 13
2 11 11
t 81 37.906976744186046
m 34 19
0 13 15
1 13 13
2 11 10
t 80 37.906976744186046
m 34 19
0 14 15
1 14 13
2 11 11
t 79 37.906976744186046
m 34 19
0 15 15
1 13 13
2 10 11
t 78 37.906976744186046
m 34 19
0 14 15
1 12 13
2 11 11
t 77 37.906976744186046
m 34 19
0 13 15
1 13 13
2 10 11
t 76 37.906976744186046
m 34 19
0 14 15
1 13 12
2 11 11
t 75 37.906976744186046
m 34 19
0 13 15
1 13 13
2 10 11
t 74 37.906976744186046
m 34 19
0 12 15
1 14 13
2 11 11
t 73 37.906976744186046
m 34 19
0 13 15
1 13 13
2 11 12
t 72 37.906976744186046
m 34 19
0 14 15
1 14 13
2 11 13
t 71 37.906976744186046
m 34 19
0 13 15
1 13 13
2 12 13
t 70 37.906976744186046
m 34 19
0 14 15
1 12 13
2 11 13
t 69 37.906976744186046
m 34 19
0 13 15
1 13 13
2 12 13
t 68 37.906976744186046
m 34 19
0 12 15
1 12 13
2 11 13
t 67 37.906976744186046
m 34 19
0 12 16
1 11 13
2 11 12
t 66 37.906976744186046
m 34 19
0 12 17
1 10 13
2 11 13
t 65 37.906976744186046
m 34 19
0 12 16
1 9 13
2 10 13
t 64 37.906976744186046
m 34 19
0 12 15
1 10 13
2 9 13
t 63 37.906976744186046
m 34 19
0 11 15
1 11 13
2 8 13
t 62 37.906976744186046
m 34 19
0 12 15
1 10 13
2 7 13
t 61 37.906976744186046
m 34 19
0 12 16
1 9 13
2 6 13
t 60 37.906976744186046
m 34 19
0 12 17
1 8 13
2 7 13
t 59 37.906976744186046
m 34 19
0 12 16
1 7 13
2 6 13
t 58 37.906976744186046
m 34 19
0 12 17
1 8 13
2 5 13
t 57 37.906976744186046
m 34 19
0 12 16
1 7 13
2 6 13
t 56 37.906976744186046
m 34 19
0 12 15
1 8 13
2 5 13
t 55 37.906976744186046
m 34 19
0 11 15
1 9 13
2 6 13
t 54 37.906976744186046
m 34 19
0 10 15
1 10 13
2 5 13
t 53 37.906976744186046
m 34 19
0 11 15
1 11 13
2 4 13
t 52 37.906976744186046
m 34 19
0 12 15
1 10 13
2 5 13
t 51 37.906976744186046
m 34 19
0 12 16
1 9 13
2 6 13
t 50 37.906976744186046
m 34 19
0 12 15
1 8 13
2 7 13
t 49 37.906976744186046
m 34 19
0 12 16
1 8 14
2 8 13
t 48 37.906976744186046
m 34 19
0 12 17
1 8 13
2 7 13
t 47 37.906976744186046
m 34 19
0 12 16
1 9 13
2 6 13
t 46 37.906976744186046
m 34 19
0 12 17
1 10 13
2 7 13
t 45 37.906976744186046
m 34 19
0 11 17
1 11 13
2 6 13
t 44 37.906976744186046
m 34 19
0 10 17
1 12 13
2 7 13
t 43 37.906976744186046
m 34 19
0 9 17
1 13 13
2 6 13
t 42 37.906976744186046
m 34 19
0 10 17
1 13 12
2 5 13
t 41 37.906976744186046
m 34 19
0 11 17
1 13 11
2 6 13
t 40 37.906976744186046
m 34 19
0 12 17
1 13 12
2 7 13
t 39 37.906976744186046
m 34 19
0 12 16
1 13 13
2 8 13
t 38 37.906976744186046
m 34 19
0 12 17
1 14 13
2 7 13
t 37 37.906976744186046
m 34 19
0 12 16
1 15 13
2 6 13
t 36 37.906976744186046
m 34 19
0 12 15
1 16 13
2 7 13
t 35 37.906976744186046
m 34 19
0 13 15
1 15 13
2 8 13
t 34 37.906976744186046
m 34 19
0 12 15
1 14 13
2 9 13
t 33 37.906976744186046
m 34 19
0 13 15
1 15 13
2 8 13
t 32 37.906976744186046
m 34 19
0 14 15
1 16 13
2 8 14
t 31 37.906976744186046
m 34 19
0 15 15
1 15 13
2 8 15
t 30 37.906976744186046
m 34 19
0 14 15
1 16 13
2 8 14
t 29 37.906976744186046
m 34 19
0 13 15
1 16 14
2 8 13
t 28 37.906976744186046
m 34 19
0 12 15
1 16 13
2 8 14
t 27 37.906976744186046
m 34 19
0 11 15
1 15 13
2 8 13
t 26 37.906976744186046
m 34 19
0 10 15
1 16 13
2 9 13
t 25 37.906976744186046
m 34 19
0 9 15
1 16 14
2 10 13
t 24 37.906976744186046
m 34 19
0 8 15
1 16 13
2 11 13
t 23 37.906976744186046
m 34 19
0 7 15
1 15 13
2 12 13
t 22 37.906976744186046
m 34 19
0 6 15
1 14 13
2 11 13
t 21 37.906976744186046
m 34 19
0 7 15
1 15 13
2 11 12
t 20 37.906976744186046
m 34 19
0 8 15
1 16 13
2 11 13
t 19 37.906976744186046
m 34 19
0 7 15
1 15 13
2 10 13
t 18 37.906976744186046
m 34 19
0 8 15
1 14 13
2 9 13
t 17 37.906976744186046
m 34 19
0 9 15
1 15 13
2 10 13
t 16 37.906976744186046
m 34 19
0 8 15
1 16 13
2 11 13
t 15 37.906976744186046
m 34 19
0 8 14
1 16 14
2 10 13
t 14 37.906976744186046
m 34 19
0 8 13
1 16 15
2 9 13
t 13 37.906976744186046
m 34 19
0 9 13
1 16 16
2 8 13
t 12 37.906976744186046
m 34 19
0 8 13
1 16 17
2 8 14
t 11 37.906976744186046
m 34 19
0 9 13
1 15 17
2 8 15
t 10 37.906976744186046
m 34 19
0 8 13
1 16 17
2 7 15
t 9 37.906976744186046
m 34 19
0 9 13
1 16 16
2 8 15
t 8 37.906976744186046
m 34 19
0 8 13
1 16 17
2 7 15
t 7 37.906976744186046
m 34 19
0 7 13
1 17 17
2 6 15
t 6 37.906976744186046
m 34 19
0 8 13
1 16 17
2 5 15
t 5 37.906976744186046
m 34 19
0 7 13
1 16 16
2 6 15
t 4 37.906976744186046
m 34 19
0 8 13
1 16 17
2 7 15
t 3 37.906976744186046
m 34 19
0 9 13
1 17 17
2 8 15
t 2 37.906976744186046
m 34 19
0 10 13
1 18 17
2 7 15
t 1 37.906976744186046
m 34 19
0 11 13
1 17 17
2 6 15
t 0 37.906976744186046
