35
20
m 0 19
0 34 0
1 0 0
2 34 19
w 0 9
w 0 10
w 1 1
w 1 2
w 1 4
w 1 5
w 1 6
w 1 7
w 1 9
w 1 10
w 1 12
w 1 13
w 1 14
w 1 16
w 1 17
w 1 18
w 2 1
w 2 2
w 2 4
w 2 5
w 2 6
w 2 7
w 2 9
w 2 10
w 2 18
w 3 1
w 3 2
w 3 4
w 3 5
w 3 12
w 3 14
w 3 16
w 3 18
w 4 1
w 4 2
w 4 4
w 4 5
w 4 7
w 4 9
w 4 10
w 4 12
w 4 14
w 4 16
w 4 18
w 5 1
w 5 2
w 5 7
w 5 9
w 5 10
w 5 12
w 5 14
w 5 16
w 5 18
w 6 1
w 6 2
w 6 4
w 6 5
w 6 7
w 6 12
w 6 14
w 6 16
w 6 18
w 7 4
w 7 5
w 7 7
w 7 8
w 7 10
w 7 12
w 7 14
w 7 16
w 8 1
w 8 2
w 8 4
w 8 5
w 8 7
w 8 8
w 8 10
w 8 12
w 8 16
w 8 18
w 9 1
w 9 8
w 9 10
w 9 12
w 9 14
w 9 16
w 9 18
w 10 1
w 10 3
w 10 4
w 10 6
w 10 8
w 10 10
w 10 12
w 10 14
w 10 16
w 10 18
w 11 1
w 11 3
w 11 4
w 11 6
w 11 14
w 11 16
w 11 18
w 12 1
w 12 3
w 12 4
w 12 6
w 12 8
w 12 9
w 12 10
w 12 11
w 12 12
w 12 14
w 12 18
w 13 1
w 13 6
w 13 14
w 13 16
w 13 18
w 14 1
w 14 3
w 14 5
w 14 6
w 14 8
w 14 10
w 14 12
w 14 14
w 14 16
w 14 18
w 15 1
w 15 3
w 15 5
w 15 6
w 15 8
w 15 10
w 15 12
w 15 14
w 15 16
w 15 18
w 16 3
w 16 5
w 16 6
w 16 8
w 16 10
w 16 12
w 17 0
w 17 1
w 17 2
w 17 3
w 17 8
w 17 12
w 17 13
w 17 15
w 17 16
w 17 18
w 17 19
w 18 3
w 18 5
w 18 6
w 18 8
w 18 10
w 18 12
w 19 1
w 19 3
w 19 5
w 19 6
w 19 8
w 19 10
w 19 12
w 19 14
w 19 16
w 19 18
w 20 1
w 20 3
w 20 5
w 20 6
w 20 8
w 20 10
w 20 12
w 20 14
w 20 16
w 20 18
w 21 1
w 21 6
w 21 14
w 21 16
w 21 18
w 22 1
w 22 3
w 22 4
w 22 6
w 22 8
w 22 9
w 22 10
w 22 11
w 22 12
w 22 14
w 22 18
w 23 1
w 23 3
w 23 4
w 23 6
w 23 14
w 23 16
w 23 18
w 24 1
w 24 3
w 24 4
w 24 6
w 24 8
w 24 10
w 24 12
w 24 14
w 24 16
w 24 18
w 25 1
w 25 8
w 25 10
w 25 12
w 25 14
w 25 16
w 25 18
w 26 1
w 26 2
w 26 4
w 26 5
w 26 7
w 26 8
w 26 10
w 26 12
w 26 16
w 26 18
w 27 4
w 27 5
w 27 7
w 27 8
w 27 10
w 27 12
w 27 14
w 27 16
w 28 1
w 28 2
w 28 4
w 28 5
w 28 7
w 28 12
w 28 14
w 28 16
w 28 18
w 29 1
w 29 2
w 29 7
w 29 9
w 29 10
w 29 12
w 29 14
w 29 16
w 29 18
w 30 1
w 30 2
w 30 4
w 30 5
w 30 7
w 30 9
w 30 10
w 30 12
w 30 14
w 30 16
w 30 18
w 31 1
w 31 2
w 31 4
w 31 5
w 31 12
w 31 14
w 31 16
w 31 18
w 32 1
w 32 2
w 32 4
w 32 5
w 32 6
w 32 7
w 32 9
w 32 10
w 32 18
w 33 1
w 33 2
w 33 4
w 33 5
w 33 6
w 33 7
w 33 9
w 33 10
w 33 12
w 33 13
w 33 14
w 33 16
w 33 17
w 33 18
w 34 9
w 34 10
p 7 17
p 22 17
p 30 0
p 14 13
p 5 19
p 13 8
p 29 4
p 13 17
p 21 0
p 21 9
p 27 6
p 3 6
p 19 2
p 3 15
p 19 11
p 11 7
p 1 8
p 34 5
p 34 14
p 17 7
p 9 3
p 0 0
p 15 0
p 32 16
p 33 15
p 15 9
p 6 6
p 25 11
p 16 17
p 32 19
p 31 8
p 22 5
p 31 17
p 23 13
p 30 6
p 14 19
p 13 5
p 29 13
p 3 3
p 20 19
p 12 15
p 28 11
p 4 11
p 27 15
p 10 17
p 18 0
p 26 13
p 2 13
p 18 9
p 18 18
p 34 2
p 34 11
p 17 4
p 9 0
p 9 9
p 33 3
p 24 0
p 32 13
p 8 13
p 24 9
p 7 2
p 0 18
p 25 17
p 16 14
p 7 11
p 22 2
p 6 15
p 23 10
p 14 7
p 5 4
p 23 19
p 5 13
p 13 2
p 30 15
p 13 11
p 20 7
p 3 0
p 29 19
p 21 15
p 3 9
p 4 8
p 27 3
p 4 17
p 10 5
p 19 17
p 1 11
p 11 13
p 2 19
p 33 0
p 0 6
p 25 5
p 8 19
p 16 2
p 0 15
p 6 3
p 15 15
p 31 11
p 23 7
p 14 4
p 30 3
p 20 4
p 21 3
p 12 0
p 20 13
p 21 12
p 27 0
p 27 9
p 28 8
p 10 2
p 27 18
p 28 17
p 10 11
p 11 10
p 11 19
p 2 16
p 26 19
p 18 15
p 34 8
p 34 17
p 17 10
p 9 6
p 0 3
p 25 2
p 9 15
p 0 12
p 6 0
p 24 15
p 6 9
p 16 11
t 1750 0
m 0 19
0 34 1
1 0 1
2 33 19
t 1749 0.0
m 0 18
0 34 2
1 0 0
2 34 19
t 1748 0.7751937984496124
m 0 17
0 34 1
1 0 1
2 33 19
t 1747 0.7751937984496124
m 0 16
0 34 2
1 0 2
2 32 19
t 1746 0.7751937984496124
m 0 17
0 34 1
1 0 3
2 31 19
t 1745 0.7751937984496124
m 0 18
0 34 2
1 0 2
2 32 19
t 1744 0.7751937984496124
m 0 18
0 34 3
1 0 1
2 31 19
t 1743 0.7751937984496124
m 0 17
0 34 4
1 0 0
2 32 19
t 1742 0.7751937984496124
m 0 16
0 34 3
1 1 0
2 31 19
t 1741 0.7751937984496124
m 0 16
0 34 2
1 2 0
2 32 19
t 1740 0.7751937984496124
m 0 17
0 34 1
1 3 0
2 33 19
t 1739 0.7751937984496124
m 0 16
0 34 2
1 2 0
2 32 19
t 1738 0.7751937984496124
m 0 17
0 34 3
1 3 0
2 33 19
t 1737 0.7751937984496124
m 0 18
0 34 4
1 2 0
2 32 19
t 1736 0.7751937984496124
m 0 18
0 34 5
1 3 0
2 33 19
t 1735 0.7751937984496124
m 0 18
0 34 4
1 2 0
2 34 19
t 1734 0.7751937984496124
m 0 17
0 34 3
1 1 0
2 33 19
t 1733 0.7751937984496124
m 0 17
0 33 3
1 0 0
2 32 19
t 1732 0.7751937984496124
m 0 18
0 32 3
1 0 1
2 33 19
t 1731 0.7751937984496124
m 0 19
0 31 3
1 0 0
2 34 19
t 1730 0.7751937984496124
m 1 19
0 32 3
1 0 1
2 34 18
t 1729 0.7751937984496124
m 2 19
0 31 3
1 0 2
2 34 19
t 1728 1.550387596899225
m 2 19
0 32 3
1 0 3
2 33 19
t 1727 1.550387596899225
m 1 19
0 31 3
1 1 3
2 32 19
t 1726 1.550387596899225
m 2 19
0 32 3
1 2 3
2 33 19
t 1725 1.550387596899225
m 3 19
0 33 3
1 3 3
2 34 19
t 1724 1.550387596899225
m 4 19
0 32 3
1 2 3
2 33 19
t 1723 1.550387596899225
m 5 19
0 31 3
1 3 3
2 32 19
t 1722 2.3255813953488373
m 6 19
0 30 3
1 2 3
2 31 19
t 1721 2.3255813953488373
m 7 19
0 31 3
1 3 3
2 30 19
t 1720 2.3255813953488373
m 8 19
0 32 3
1 4 3
2 29 19
t 1719 3.10077519379845
m 7 19
0 33 3
1 5 3
2 30 19
t 1718 3.10077519379845
m 7 18
0 32 3
1 5 4
2 31 19
t 1717 3.10077519379845
m 7 18
0 33 3
1 5 5
2 30 19
t 1716 3.10077519379845
m 7 18
0 32 3
1 5 4
2 29 19
t 1715 3.10077519379845
m 7 17
0 31 3
1 5 3
2 30 19
t 1714 3.875968992248062
m 7 17
0 30 3
1 5 4
2 29 19
t 1713 3.875968992248062
m 6 17
0 29 3
1 5 5
2 28 19
t 1712 3.875968992248062
m 6 17
0 28 3
1 5 6
2 29 19
t 1711 3.875968992248062
m 6 17
0 29 3
1 4 6
2 30 19
t 1710 3.875968992248062
m 7 17
0 30 3
1 5 6
2 29 19
t 1709 3.875968992248062
m 7 18
0 31 3
1 5 5
2 30 19
t 1708 3.875968992248062
m 7 19
0 30 3
1 5 6
2 29 19
t 1707 3.875968992248062
m 7 19
0 31 3
1 6 6
2 28 19
t 1706 3.875968992248062
m 8 19
0 32 3
1 5 6
2 27 19
t 1705 3.875968992248062
m 9 19
0 33 3
1 5 5
2 27 18
t 1704 3.875968992248062
m 9 19
0 32 3
1 5 4
2 27 19
t 1703 3.875968992248062
m 10 19
0 31 3
1 5 5
2 27 18
t 1702 3.875968992248062
m 10 19
0 30 3
1 5 6
2 27 17
t 1701 3.875968992248062
m 10 19
0 31 3
1 6 6
2 28 17
t 1700 3.875968992248062
m 11 19
0 32 3
1 7 6
2 27 17
t 1699 4.651162790697675
m 12 19
0 31 3
1 6 6
2 27 18
t 1698 4.651162790697675
m 12 19
0 32 3
1 7 6
2 27 17
t 1697 4.651162790697675
m 12 19
0 33 3
1 6 6
2 28 17
t 1696 4.651162790697675
m 12 19
0 34 3
1 7 6
2 29 17
t 1695 4.651162790697675
m 11 19
0 33 3
1 6 6
2 28 17
t 1694 4.651162790697675
m 11 19
0 32 3
1 5 6
2 29 17
t 1693 4.651162790697675
m 11 19
0 31 3
1 4 6
2 28 17
t 1692 4.651162790697675
m 10 19
0 32 3
1 3 6
2 29 17
t 1691 4.651162790697675
m 11 19
0 33 3
1 4 6
2 28 17
t 1690 4.651162790697675
m 10 19
0 32 3
1 5 6
2 27 17
t 1689 4.651162790697675
m 9 19
0 31 3
1 6 6
2 26 17
t 1688 4.651162790697675
m 9 19
0 32 3
1 5 6
2 25 17
t 1687 4.651162790697675
m 10 19
0 31 3
1 6 6
2 26 17
t 1686 4.651162790697675
m 10 19
0 32 3
1 7 6
2 27 17
t 1685 4.651162790697675
m 10 19
0 31 3
1 6 6
2 28 17
t 1684 4.651162790697675
m 11 19
0 32 3
1 7 6
2 29 17
t 1683 4.651162790697675
m 11 19
0 31 3
1 8 6
2 30 17
t 1682 4.651162790697675
m 11 19
0 32 3
1 7 6
2 31 17
t 1681 4.651162790697675
m 10 19
0 33 3
1 6 6
2 30 17
t 1680 4.651162790697675
m 11 19
0 32 3
1 7 6
2 29 17
t 1679 4.651162790697675
m 11 19
0 33 3
1 6 6
2 28 17
t 1678 4.651162790697675
m 10 19
0 34 3
1 7 6
2 27 17
t 1677 4.651162790697675
m 9 19
0 34 4
1 8 6
2 28 17
f 34 19
t 1676 4.651162790697675
m 8 19
0 34 5
1 9 6
2 27 17
t 1675 4.651162790697675
m 8 19
0 34 6
1 8 6
2 28 17
t 1674 4.651162790697675
m 8 19
0 34 7
1 7 6
2 29 17
t 1673 4.651162790697675
m 9 19
0 34 8
1 8 6
2 28 17
t 1672 4.651162790697675
m 8 19
0 33 8
1 9 6
2 29 17
t 1671 4.651162790697675
m 9 19
0 32 8
1 9 7
2 28 17
t 1670 4.651162790697675
m 10 19
0 33 8
1 10 7
2 29 17
t 1669 4.651162790697675
m 9 19
0 34 8
1 9 7
2 28 17
t 1668 4.651162790697675
m 10 19
0 33 8
1 10 7
2 29 17
t 1667 4.651162790697675
m 11 19
0 34 8
1 9 7
2 30 17
t 1666 4.651162790697675
m 10 19
0 33 8
1 9 6
2 31 17
t 1665 4.651162790697675
m 9 19
0 32 8
1 9 7
2 32 17
t 1664 4.651162790697675
m 10 19
0 33 8
1 10 7
2 31 17
t 1663 4.651162790697675
m 9 19
0 32 8
1 9 7
2 30 17
t 1662 4.651162790697675
m 10 19
0 33 8
1 10 7
2 31 17
t 1661 4.651162790697675
m 10 19
0 32 8
1 11 7
2 32 17
t 1660 4.651162790697675
m 9 19
0 31 8
1 12 7
2 31 17
t 1659 4.651162790697675
m 10 19
0 30 8
1 11 7
2 32 17
t 1658 4.651162790697675
m 11 19
0 29 8
1 12 7
2 31 17
t 1657 4.651162790697675
m 11 19
0 30 8
1 11 7
2 32 17
t 1656 4.651162790697675
m 12 19
0 29 8
1 11 8
2 31 17
t 1655 4.651162790697675
m 13 19
0 30 8
1 11 9
2 30 17
t 1654 4.651162790697675
m 14 19
0 31 8
1 11 10
2 29 17
t 1653 5.426356589147287
m 15 19
0 32 8
1 11 11
2 28 17
t 1652 5.426356589147287
m 16 19
0 31 8
1 11 12
2 29 17
t 1651 5.426356589147287
m 16 19
0 32 8
1 11 11
2 30 17
t 1650 5.426356589147287
m 16 18
0 33 8
1 11 12
2 29 17
t 1649 5.426356589147287
m 16 18
0 34 8
1 11 13
2 30 17
t 1648 5.426356589147287
m 16 19
0 33 8
1 11 12
2 31 17
t 1647 5.426356589147287
m 15 19
0 32 8
1 11 11
2 32 17
t 1646 5.426356589147287
m 15 19
0 31 8
1 11 10
2 32 16
t 1645 5.426356589147287
m 16 19
0 30 8
1 11 9
2 32 15
t 1644 5.426356589147287
m 16 19
0 29 8
1 11 8
2 32 14
t 1643 5.426356589147287
m 16 19
0 30 8
1 11 9
2 32 15
t 1642 5.426356589147287
m 15 19
0 29 8
1 11 10
2 32 14
t 1641 5.426356589147287
m 16 19
0 28 8
1 11 9
2 32 15
t 1640 5.426356589147287
m 15 19
0 29 8
1 10 9
2 33 15
t 1639 5.426356589147287
m 15 19
0 28 8
1 9 9
2 34 15
t 1638 5.426356589147287
m 16 19
0 28 9
1 8 9
2 34 14
t 1637 5.426356589147287
m 15 19
0 27 9
1 7 9
2 34 15
t 1636 5.426356589147287
m 16 19
0 26 9
1 6 9
2 34 16
t 1635 5.426356589147287
m 16 18
0 27 9
1 6 10
2 34 17
t 1634 5.426356589147287
m 16 19
0 26 9
1 6 9
2 34 18
t 1633 5.426356589147287
m 16 19
0 25 9
1 6 8
2 34 19
t 1632 5.426356589147287
m 16 18
0 26 9
1 5 8
2 33 19
t 1631 5.426356589147287
m 16 17
0 25 9
1 4 8
2 34 19
t 1630 6.2015503875969
m 16 16
0 24 9
1 3 8
2 34 18
t 1629 6.2015503875969
m 16 15
0 23 9
1 3 7
2 34 17
t 1628 6.2015503875969
m 15 15
0 23 8
1 3 8
2 34 18
t 1627 6.976744186046512
m 14 15
0 23 9
1 3 9
2 34 17
t 1626 6.976744186046512
m 15 15
0 24 9
1 3 10
2 34 18
t 1625 6.976744186046512
m 16 15
0 25 9
1 3 11
2 34 19
t 1624 6.976744186046512
m 16 15
0 26 9
1 2 11
2 34 18
t 1623 6.976744186046512
m 16 15
0 25 9
1 3 11
2 34 17
t 1622 6.976744186046512
m 16 15
0 26 9
1 3 10
2 34 18
t 1621 6.976744186046512
m 15 15
0 25 9
1 3 11
2 34 19
t 1620 6.976744186046512
m 16 15
0 26 9
1 2 11
2 33 19
t 1619 6.976744186046512
m 15 15
0 27 9
1 1 11
2 32 19
t 1618 6.976744186046512
m 14 15
0 26 9
1 0 11
2 31 19
t 1617 6.976744186046512
m 13 15
0 25 9
1 0 12
2 30 19
t 1616 6.976744186046512
m 12 15
0 24 9
1 0 13
2 31 19
t 1615 7.751937984496124
m 11 15
0 25 9
1 0 14
2 30 19
t 1614 7.751937984496124
m 11 15
0 26 9
1 0 15
2 31 19
t 1613 7.751937984496124
m 12 15
0 25 9
1 1 15
2 30 19
t 1612 7.751937984496124
m 12 15
0 26 9
1 0 15
2 31 19
t 1611 7.751937984496124
m 13 15
0 25 9
1 1 15
2 30 19
t 1610 7.751937984496124
m 14 15
0 26 9
1 0 15
2 31 19
t 1609 7.751937984496124
m 15 15
0 27 9
1 0 16
2 32 19
t 1608 7.751937984496124
m 14 15
0 28 9
1 0 15
2 31 19
t 1607 7.751937984496124
m 13 15
0 28 8
1 0 16
2 30 19
t 1606 7.751937984496124
m 14 15
0 29 8
1 0 15
2 31 19
t 1605 7.751937984496124
m 14 15
0 30 8
1 0 16
2 30 19
t 1604 7.751937984496124
m 14 15
0 29 8
1 0 15
2 31 19
t 1603 7.751937984496124
m 13 15
0 30 8
1 1 15
2 32 19
t 1602 7.751937984496124
m 12 15
0 31 8
1 2 15
2 33 19
t 1601 7.751937984496124
m 13 15
0 30 8
1 1 15
2 34 19
t 1600 7.751937984496124
m 14 15
0 31 8
1 0 15
2 33 19
t 1599 7.751937984496124
m 14 15
0 32 8
1 1 15
2 34 19
t 1598 7.751937984496124
m 15 15
0 31 8
1 2 15
2 33 19
t 1597 7.751937984496124
m 16 15
0 32 8
1 2 14
2 32 19
t 1596 7.751937984496124
m 16 15
0 33 8
1 2 13
2 33 19
t 1595 7.751937984496124
m 16 16
0 32 8
1 2 14
2 34 19
t 1594 7.751937984496124
m 16 16
0 33 8
1 2 13
2 34 18
t 1593 7.751937984496124
m 16 16
0 34 8
1 2 14
2 34 17
t 1592 7.751937984496124
m 16 16
0 33 8
1 2 15
2 34 18
t 1591 7.751937984496124
m 16 16
0 34 8
1 2 16
2 34 17
t 1590 7.751937984496124
m 16 16
0 33 8
1 2 15
2 34 16
t 1589 7.751937984496124
m 16 16
0 34 8
1 2 16
2 34 15
t 1588 7.751937984496124
m 16 15
0 34 7
1 2 15
2 33 15
t 1587 7.751937984496124
m 16 14
0 34 6
1 3 15
2 32 15
t 1586 8.527131782945736
m 17 14
0 34 7
1 2 15
2 32 14
t 1585 8.527131782945736
m 18 14
0 34 6
1 2 16
2 32 13
t 1584 8.527131782945736
m 17 14
0 34 7
1 2 17
2 31 13
t 1583 8.527131782945736
m 16 14
0 34 6
1 2 16
2 30 13
t 1582 8.527131782945736
m 17 14
0 34 7
1 2 15
2 31 13
t 1581 8.527131782945736
m 16 14
0 34 6
1 3 15
2 30 13
t 1580 8.527131782945736
m 16 15
0 34 5
1 4 15
2 29 13
t 1579 8.527131782945736
m 16 16
0 34 6
1 3 15
2 30 13
t 1578 8.527131782945736
m 16 17
0 34 7
1 2 15
2 31 13
t 1577 8.527131782945736
m 16 17
0 34 8
1 3 15
2 32 13
t 1576 8.527131782945736
m 16 18
0 34 7
1 2 15
2 32 14
t 1575 8.527131782945736
m 16 19
0 34 8
1 3 15
2 32 13
t 1574 8.527131782945736
m 16 19
0 34 7
1 4 15
2 32 14
t 1573 8.527131782945736
m 16 18
0 34 8
1 5 15
2 32 15
t 1572 8.527131782945736
m 16 17
0 34 7
1 6 15
2 33 15
t 1571 8.527131782945736
m 16 16
0 34 8
1 7 15
2 32 15
t 1570 8.527131782945736
m 16 16
0 34 7
1 6 15
2 33 15
t 1569 8.527131782945736
m 16 16
0 34 8
1 5 15
2 32 15
t 1568 8.527131782945736
m 16 15
0 33 8
1 4 15
2 31 15
t 1567 8.527131782945736
m 16 16
0 34 8
1 5 15
2 30 15
t 1566 8.527131782945736
m 16 15
0 34 7
1 4 15
2 31 15
t 1565 8.527131782945736
m 15 15
0 34 6
1 3 15
2 30 15
t 1564 8.527131782945736
m 14 15
0 34 7
1 4 15
2 31 15
t 1563 8.527131782945736
m 15 15
0 34 8
1 3 15
2 32 15
t 1562 8.527131782945736
m 16 15
0 34 7
1 4 15
2 31 15
t 1561 8.527131782945736
m 16 16
0 34 8
1 3 15
2 32 15
t 1560 8.527131782945736
m 16 17
0 34 7
1 2 15
2 32 14
t 1559 8.527131782945736
m 16 16
0 34 8
1 3 15
2 32 13
t 1558 8.527131782945736
m 16 15
0 34 7
1 2 15
2 32 14
t 1557 8.527131782945736
m 16 16
0 34 6
1 2 16
2 32 15
t 1556 8.527131782945736
m 16 15
0 34 7
1 2 15
2 32 16
t 1555 8.527131782945736
m 16 14
0 34 8
1 2 14
2 32 15
t 1554 8.527131782945736
m 16 13
0 33 8
1 2 13
2 33 15
t 1553 8.527131782945736
m 16 14
0 32 8
1 3 13
2 32 15
t 1552 8.527131782945736
m 16 13
0 33 8
1 2 13
2 32 16
t 1551 8.527131782945736
m 15 13
0 34 8
1 3 13
2 32 17
t 1550 8.527131782945736
m 14 13
0 34 7
1 4 13
2 32 16
t 1549 9.30232558139535
m 13 13
0 34 8
1 3 13
2 32 17
t 1548 9.30232558139535
m 13 12
0 33 8
1 2 13
2 31 17
t 1547 9.30232558139535
m 13 12
0 34 8
1 3 13
2 30 17
t 1546 9.30232558139535
m 13 13
0 33 8
1 4 13
2 29 17
t 1545 9.30232558139535
m 13 13
0 32 8
1 5 13
2 28 17
t 1544 9.30232558139535
m 13 12
0 33 8
1 4 13
2 27 17
t 1543 9.30232558139535
m 13 11
0 34 8
1 3 13
2 26 17
t 1542 10.077519379844961
m 13 10
0 33 8
1 2 13
2 25 17
t 1541 10.077519379844961
m 13 10
0 32 8
1 2 12
2 26 17
t 1540 10.077519379844961
m 13 9
0 31 8
1 2 13
2 27 17
t 1539 10.077519379844961
m 13 8
0 32 8
1 2 12
2 28 17
t 1538 10.852713178294573
m 13 7
0 31 8
1 2 11
2 27 17
t 1537 10.852713178294573
m 14 7
0 31 9
1 3 11
2 26 17
t 1536 11.627906976744185
m 15 7
0 31 8
1 2 11
2 27 17
t 1535 11.627906976744185
m 15 7
0 31 7
1 2 12
2 28 17
t 1534 11.627906976744185
m 14 7
0 31 8
1 2 11
2 27 17
t 1533 11.627906976744185
m 14 7
0 31 9
1 2 12
2 28 17
t 1532 11.627906976744185
m 13 7
0 31 8
1 2 13
2 29 17
t 1531 11.627906976744185
m 14 7
0 31 9
1 2 14
2 28 17
t 1530 11.627906976744185
m 15 7
0 31 8
1 2 13
2 27 17
t 1529 11.627906976744185
m 14 7
0 31 7
1 3 13
2 27 18
t 1528 11.627906976744185
m 14 7
0 31 6
1 4 13
2 27 17
t 1527 11.627906976744185
m 14 7
0 31 7
1 5 13
2 26 17
t 1526 11.627906976744185
m 15 7
0 31 8
1 4 13
2 25 17
t 1525 11.627906976744185
m 14 7
0 31 9
1 3 13
2 24 17
t 1524 11.627906976744185
m 14 7
0 31 8
1 2 13
2 23 17
t 1523 11.627906976744185
m 15 7
0 30 8
1 2 14
2 22 17
t 1522 11.627906976744185
m 14 7
0 31 8
1 2 13
2 23 17
t 1521 11.627906976744185
m 13 7
0 30 8
1 2 14
2 24 17
t 1520 11.627906976744185
m 13 7
0 29 8
1 2 15
2 23 17
t 1519 11.627906976744185
m 13 7
0 28 8
1 2 14
2 22 17
t 1518 11.627906976744185
m 13 8
0 29 8
1 2 15
2 21 17
t 1517 11.627906976744185
m 13 9
0 28 8
1 2 14
2 20 17
t 1516 11.627906976744185
m 13 10
0 28 9
1 2 13
2 19 17
t 1515 11.627906976744185
m 13 9
0 28 10
1 2 12
2 18 17
t 1514 11.627906976744185
m 14 9
0 28 9
1 2 13
2 19 17
t 1513 11.627906976744185
m 14 9
0 28 10
1 3 13
2 20 17
t 1512 11.627906976744185
m 15 9
0 28 11
1 2 13
2 19 17
t 1511 12.4031007751938
m 16 9
0 27 11
1 3 13
2 18 17
t 1510 12.4031007751938
m 17 9
0 26 11
1 2 13
2 18 18
t 1509 12.4031007751938
m 16 9
0 27 11
1 2 14
2 18 17
t 1508 12.4031007751938
m 15 9
0 28 11
1 2 13
2 17 17
t 1507 12.4031007751938
m 14 9
0 29 11
1 3 13
2 16 17
t 1506 12.4031007751938
m 13 9
0 28 11
1 2 13
2 16 18
t 1505 12.4031007751938
m 13 8
0 28 10
1 2 12
2 16 19
t 1504 12.4031007751938
m 13 9
0 28 11
1 2 11
2 16 18
t 1503 12.4031007751938
m 13 9
0 27 11
1 3 11
2 16 17
t 1502 12.4031007751938
m 13 8
0 26 11
1 3 10
2 16 18
t 1501 12.4031007751938
m 13 9
0 25 11
1 3 9
2 16 19
t 1500 12.4031007751938
m 14 9
0 26 11
1 3 10
2 15 19
t 1499 12.4031007751938
m 13 9
0 27 11
1 3 11
2 14 19
t 1498 12.4031007751938
m 13 9
0 26 11
1 4 11
2 15 19
t 1497 12.4031007751938
m 14 9
0 27 11
1 5 11
2 14 19
t 1496 12.4031007751938
m 14 9
0 26 11
1 4 11
2 15 19
t 1495 12.4031007751938
m 15 9
0 27 11
1 5 11
2 16 19
t 1494 12.4031007751938
m 14 9
0 28 11
1 6 11
2 16 18
t 1493 12.4031007751938
m 13 9
0 28 10
1 5 11
2 16 17
t 1492 12.4031007751938
m 14 9
0 28 9
1 4 11
2 16 16
t 1491 12.4031007751938
m 15 9
0 27 9
1 3 11
2 16 15
t 1490 12.4031007751938
m 16 9
0 26 9
1 2 11
2 15 15
t 1489 12.4031007751938
m 16 9
0 25 9
1 3 11
2 16 15
t 1488 12.4031007751938
m 17 9
0 24 9
1 4 11
2 16 16
t 1487 12.4031007751938
m 17 9
0 23 9
1 3 11
2 16 17
t 1486 12.4031007751938
m 17 9
0 23 8
1 4 11
2 16 16
t 1485 12.4031007751938
m 16 9
0 23 7
1 5 11
2 16 17
t 1484 12.4031007751938
m 17 9
0 24 7
1 6 11
2 16 18
t 1483 12.4031007751938
m 18 9
0 25 7
1 6 10
2 16 17
t 1482 13.178294573643411
m 19 9
0 24 7
1 6 9
2 16 18
t 1481 13.178294573643411
m 20 9
0 25 7
1 7 9
2 16 17
t 1480 13.178294573643411
m 20 9
0 24 7
1 6 9
2 16 18
t 1479 13.178294573643411
m 21 9
0 25 7
1 7 9
2 16 17
t 1478 13.953488372093023
m 21 8
0 24 7
1 8 9
2 15 17
t 1477 13.953488372093023
m 21 7
0 23 7
1 7 9
2 14 17
t 1476 13.953488372093023
m 22 7
0 24 7
1 8 9
2 15 17
t 1475 13.953488372093023
m 23 7
0 25 7
1 7 9
2 16 17
t 1474 14.728682170542635
m 23 7
0 24 7
1 6 9
2 17 17
t 1473 14.728682170542635
0 23 7
1 6 8
2 18 17
t 1472 -69.38560354374307
