[ea]
# mu value for around 10 valid solutions, old value 99_000
mu = 40_000
# increasing children from 50 to 300
num_children = 300
# mutation_rate .1, 10000 times more likely than the previous value .00001
mutation_rate = 0.1
parent_selection = k_tournament_with_replacement
survival_selection = k_tournament_without_replacement
# Don't touch this
individual_class = LinearGenotype

[recombination_kwargs]
method = uniform
prob_selecting_parent_1_gene = 0.5

[parent_selection_kwargs]
# Increase k from 1 to 75, increasing parent selection pressure
k = 75

[survival_selection_kwargs]
# Increase k from 1 to 100, increasing survival pressure
k = 100

[mutation_kwargs]
bonus = False
# Increasing the probability of random reset of the rotation from .1 to .2
prob_random_reset = .2
mean_of_change_dist = 0
std_of_change_dist = 1
# Don't touch this
bounds = ${problem:bounds}

# Don't touch any of these
[problem]
visible_margin = 5
failure_fitness = -50
minimize_area = False
bounds = ((0, 400), (0, 30))
shapes = [[(0, 0), (0, 1), (0, 2), (0, 3), (0, 4), (0, 5), (0, 4), (0, 3), (0, 2), (-1, 2), (-2, 2), (-1, 2), (0, 2), (1, 2), (2, 2), (3, 2), (4, 2), (5, 2), (6, 2), (7, 2), (8, 2), (9, 2)], [(0, 0), (-1, 0), (-2, 0), (-3, 0), (-4, 0), (-5, 0), (-6, 0), (-6, 1), (-6, 2), (-7, 2), (-8, 2), (-9, 2), (-10, 2), (-10, 1), (-10, 0), (-10, -1), (-10, -2), (-10, -3), (-9, -3), (-8, -3), (-7, -3)], [(0, 0), (1, 0), (2, 0), (3, 0), (4, 0), (5, 0), (6, 0), (7, 0), (7, 1), (7, 2), (8, 2), (9, 2), (8, 2), (7, 2), (6, 2), (5, 2), (4, 2), (4, 1)], [(0, 0), (0, 1), (0, 2), (0, 3), (0, 4), (0, 5), (1, 5), (2, 5), (3, 5), (4, 5), (5, 5), (6, 5), (7, 5), (7, 6), (8, 6), (9, 6), (10, 6), (11, 6), (12, 6)], [(0, 0), (0, -1), (-1, -1), (-2, -1), (-3, -1), (-4, -1), (-5, -1), (-6, -1), (-7, -1), (-8, -1), (-9, -1), (-10, -1), (-9, -1), (-8, -1), (-7, -1), (-6, -1), (-6, 0), (-6, 1), (-6, 2)], [(0, 0), (0, -1), (0, -2), (0, -3), (-1, -3), (-2, -3), (-3, -3), (-4, -3), (-5, -3), (-6, -3), (-7, -3), (-7, -2), (-7, -1), (-7, 0), (-8, 0), (-9, 0), (-9, 1), (-9, 2)], [(0, 0), (0, 1), (0, 2), (1, 2), (2, 2), (3, 2), (4, 2), (4, 1), (4, 0), (4, -1), (4, -2), (5, -2), (6, -2), (7, -2), (8, -2), (9, -2), (10, -2), (10, -1), (10, 0), (10, 1), (10, 2)], [(0, 0), (1, 0), (2, 0), (2, -1), (2, -2), (2, -3), (2, -4), (2, -5), (2, -6), (2, -7), (1, -7), (0, -7), (0, -6), (0, -5), (0, -4), (0, -3), (0, -4), (-1, -4), (-2, -4), (-3, -4), (-4, -4), (-5, -4)], [(0, 0), (1, 0), (2, 0), (3, 0), (4, 0), (4, 1), (4, 2), (4, 3), (4, 4), (4, 5), (3, 5), (2, 5), (1, 5), (0, 5), (0, 4), (0, 3), (0, 2), (0, 1), (0, 0), (1, 0), (1, 1), (1, 2)], [(0, 0), (0, -1), (0, 0), (0, 1), (0, 2), (0, 3), (0, 4), (0, 5), (0, 6), (0, 7), (0, 8), (1, 8), (2, 8), (3, 8), (4, 8), (5, 8), (5, 7), (5, 8), (5, 9)], [(0, 0), (-1, 0), (-2, 0), (-3, 0), (-3, -1), (-3, -2), (-2, -2), (-1, -2), (0, -2), (1, -2), (2, -2), (3, -2), (4, -2), (4, -3), (4, -4), (4, -5), (4, -6), (4, -7), (5, -7), (6, -7), (7, -7), (8, -7), (9, -7)], [(0, 0), (0, 1), (0, 2), (0, 3), (0, 4), (0, 5), (0, 4), (0, 3), (1, 3), (2, 3), (2, 2), (2, 1), (2, 0), (2, -1), (2, -2), (3, -2), (4, -2), (5, -2), (5, -1), (5, 0), (5, 1), (5, 2), (5, 3)], [(0, 0), (1, 0), (2, 0), (3, 0), (4, 0), (3, 0), (2, 0), (1, 0), (0, 0), (1, 0), (2, 0), (3, 0), (4, 0), (5, 0), (6, 0), (7, 0), (8, 0), (8, -1), (8, -2), (8, -3), (7, -3), (6, -3), (5, -3)], [(0, 0), (-1, 0), (-2, 0), (-1, 0), (0, 0), (1, 0), (2, 0), (3, 0), (3, 1), (3, 2), (3, 3), (3, 4), (3, 5), (3, 6), (3, 7), (3, 6), (3, 5), (3, 4), (3, 3), (3, 4), (3, 5), (3, 6), (3, 7), (2, 7)], [(0, 0), (0, 1), (0, 2), (0, 1), (0, 0), (0, -1), (0, -2), (0, -3), (-1, -3), (-2, -3), (-2, -4), (-2, -5), (-2, -6), (-2, -7), (-2, -8), (-3, -8), (-4, -8), (-3, -8), (-2, -8), (-1, -8)], [(0, 0), (-1, 0), (-2, 0), (-3, 0), (-4, 0), (-5, 0), (-5, 1), (-5, 2), (-4, 2), (-3, 2), (-3, 1), (-3, 0), (-3, -1), (-3, -2), (-3, -3), (-3, -4), (-2, -4), (-1, -4), (-2, -4), (-3, -4)], [(0, 0), (0, 1), (0, 2), (0, 3), (0, 4), (0, 5), (-1, 5), (-2, 5), (-2, 6), (-2, 7), (-2, 8), (-2, 9), (-2, 10), (-2, 11), (-2, 12), (-2, 13), (-2, 14), (-2, 15), (-2, 16), (-2, 17)], [(0, 0), (0, 1), (0, 2), (0, 3), (0, 4), (0, 5), (0, 6), (1, 6), (2, 6), (3, 6), (4, 6), (5, 6), (4, 6), (3, 6), (2, 6), (1, 6), (1, 5), (1, 4), (1, 3), (1, 2), (1, 1), (1, 2)], [(0, 0), (0, -1), (0, -2), (0, -3), (0, -4), (0, -5), (1, -5), (2, -5), (2, -4), (3, -4), (4, -4), (5, -4), (6, -4), (6, -5), (7, -5), (8, -5), (8, -4), (9, -4), (10, -4), (11, -4), (12, -4), (13, -4)], [(0, 0), (-1, 0), (-2, 0), (-2, 1), (-2, 2), (-2, 3), (-2, 4), (-2, 5), (-2, 6), (-2, 7), (-2, 8), (-1, 8), (0, 8), (1, 8), (1, 9), (1, 10), (1, 11), (1, 12), (1, 13)]]
